99cfdf6a-8b64-44b1-b38e-c831f77d552d;2020-03-03T07:00:00Z;170.56;173.98;173.99;169.25;274;
99cfdf6a-8b64-44b1-b38e-c831f77d552d;2020-03-03T07:01:00Z;173.79;173.68;174.51;173.68;507;
99cfdf6a-8b64-44b1-b38e-c831f77d552d;2020-03-03T07:02:00Z;173.68;174;174;173.68;116;
99cfdf6a-8b64-44b1-b38e-c831f77d552d;2020-03-03T07:03:00Z;173.99;174;174;173.68;66;
99cfdf6a-8b64-44b1-b38e-c831f77d552d;2020-03-03T07:04:00Z;173.68;174;174;173.68;64;
99cfdf6a-8b64-44b1-b38e-c831f77d552d;2020-03-03T07:05:00Z;174;173.99;174;173.68;9;
99cfdf6a-8b64-44b1-b38e-c831f77d552d;2020-03-03T07:06:00Z;173.99;174;174;172;161;
99cfdf6a-8b64-44b1-b38e-c831f77d552d;2020-03-03T07:07:00Z;174;173.8;174;173.01;58;
99cfdf6a-8b64-44b1-b38e-c831f77d552d;2020-03-03T07:08:00Z;173.93;173.6;174;173.01;118;
99cfdf6a-8b64-44b1-b38e-c831f77d552d;2020-03-03T07:09:00Z;173.93;174;174;173.58;42;
99cfdf6a-8b64-44b1-b38e-c831f77d552d;2020-03-03T07:10:00Z;173.64;173.01;174;173.01;38;
99cfdf6a-8b64-44b1-b38e-c831f77d552d;2020-03-03T07:11:00Z;173.89;174;174;173.89;21;
99cfdf6a-8b64-44b1-b38e-c831f77d552d;2020-03-03T07:12:00Z;173.91;173.56;173.91;173.53;26;
99cfdf6a-8b64-44b1-b38e-c831f77d552d;2020-03-03T07:13:00Z;173.56;173.48;173.9;173.48;77;
99cfdf6a-8b64-44b1-b38e-c831f77d552d;2020-03-03T07:14:00Z;173.86;173.31;174;172.48;142;
99cfdf6a-8b64-44b1-b38e-c831f77d552d;2020-03-03T07:15:00Z;173.43;173.33;173.43;173.33;39;
99cfdf6a-8b64-44b1-b38e-c831f77d552d;2020-03-03T07:16:00Z;173.48;173.31;174;173.2;12;
99cfdf6a-8b64-44b1-b38e-c831f77d552d;2020-03-03T07:17:00Z;173.83;173.67;173.88;173.3;12;
99cfdf6a-8b64-44b1-b38e-c831f77d552d;2020-03-03T07:18:00Z;173.54;173.75;173.75;173.54;73;
99cfdf6a-8b64-44b1-b38e-c831f77d552d;2020-03-03T07:19:00Z;173.7;173.7;173.74;173.7;4;
99cfdf6a-8b64-44b1-b38e-c831f77d552d;2020-03-03T07:20:00Z;173.7;174;174;173.7;14;
99cfdf6a-8b64-44b1-b38e-c831f77d552d;2020-03-03T07:21:00Z;174;174;174;173.87;56;
99cfdf6a-8b64-44b1-b38e-c831f77d552d;2020-03-03T07:22:00Z;174;174;174;173.44;102;
99cfdf6a-8b64-44b1-b38e-c831f77d552d;2020-03-03T07:23:00Z;174;174;174;173.31;51;
99cfdf6a-8b64-44b1-b38e-c831f77d552d;2020-03-03T07:24:00Z;174;174;174;173.33;24;
99cfdf6a-8b64-44b1-b38e-c831f77d552d;2020-03-03T07:25:00Z;173.99;173.58;173.99;172.01;88;
99cfdf6a-8b64-44b1-b38e-c831f77d552d;2020-03-03T07:26:00Z;173.58;173.58;173.58;173.2;6;
99cfdf6a-8b64-44b1-b38e-c831f77d552d;2020-03-03T07:27:00Z;172.21;172.51;173.5;172.21;32;
99cfdf6a-8b64-44b1-b38e-c831f77d552d;2020-03-03T07:28:00Z;172.52;174;174;172.52;234;
99cfdf6a-8b64-44b1-b38e-c831f77d552d;2020-03-03T07:29:00Z;173.98;173.52;173.99;173.52;6;
99cfdf6a-8b64-44b1-b38e-c831f77d552d;2020-03-03T07:30:00Z;173.99;173.98;173.99;172.97;39;
99cfdf6a-8b64-44b1-b38e-c831f77d552d;2020-03-03T07:31:00Z;173.97;172.98;173.97;172.98;3;
99cfdf6a-8b64-44b1-b38e-c831f77d552d;2020-03-03T07:33:00Z;173.92;173.94;173.94;173.92;5;
99cfdf6a-8b64-44b1-b38e-c831f77d552d;2020-03-03T07:34:00Z;173.2;173.05;173.2;173.05;22;
99cfdf6a-8b64-44b1-b38e-c831f77d552d;2020-03-03T07:35:00Z;173.05;173.05;173.2;173.05;10;
99cfdf6a-8b64-44b1-b38e-c831f77d552d;2020-03-03T07:36:00Z;173.89;173.8;173.95;173.8;31;
99cfdf6a-8b64-44b1-b38e-c831f77d552d;2020-03-03T07:37:00Z;173.8;173.8;173.95;173.8;77;
99cfdf6a-8b64-44b1-b38e-c831f77d552d;2020-03-03T07:38:00Z;173.8;173.8;173.95;173.8;12;
99cfdf6a-8b64-44b1-b38e-c831f77d552d;2020-03-03T07:39:00Z;173.8;173.8;173.8;173.8;3;
99cfdf6a-8b64-44b1-b38e-c831f77d552d;2020-03-03T07:40:00Z;173.81;173.81;173.81;173.81;2;
99cfdf6a-8b64-44b1-b38e-c831f77d552d;2020-03-03T07:41:00Z;173.82;173.75;173.82;173.75;13;
99cfdf6a-8b64-44b1-b38e-c831f77d552d;2020-03-03T07:42:00Z;173.23;173.16;173.74;173.16;26;
99cfdf6a-8b64-44b1-b38e-c831f77d552d;2020-03-03T07:43:00Z;173.7;173.72;173.72;173.41;90;
99cfdf6a-8b64-44b1-b38e-c831f77d552d;2020-03-03T07:44:00Z;173.5;173.5;173.7;173.5;27;
99cfdf6a-8b64-44b1-b38e-c831f77d552d;2020-03-03T07:45:00Z;173.7;173.55;173.7;173.55;22;
99cfdf6a-8b64-44b1-b38e-c831f77d552d;2020-03-03T07:46:00Z;173.7;173.55;173.7;173.55;25;
99cfdf6a-8b64-44b1-b38e-c831f77d552d;2020-03-03T07:47:00Z;173.7;173.7;173.7;173.7;7;
99cfdf6a-8b64-44b1-b38e-c831f77d552d;2020-03-03T07:48:00Z;173.71;173.71;173.71;173.71;5;
99cfdf6a-8b64-44b1-b38e-c831f77d552d;2020-03-03T07:49:00Z;173.58;173.5;173.66;173.5;48;
99cfdf6a-8b64-44b1-b38e-c831f77d552d;2020-03-03T07:50:00Z;173.66;173.5;173.69;173.5;9;
99cfdf6a-8b64-44b1-b38e-c831f77d552d;2020-03-03T07:51:00Z;173.6;173.6;173.6;173.45;12;
99cfdf6a-8b64-44b1-b38e-c831f77d552d;2020-03-03T07:52:00Z;173.58;173.6;173.6;173.58;5;
99cfdf6a-8b64-44b1-b38e-c831f77d552d;2020-03-03T07:53:00Z;173.58;173.59;173.59;173.58;88;
99cfdf6a-8b64-44b1-b38e-c831f77d552d;2020-03-03T07:54:00Z;173.59;173.59;173.6;173.58;15;
99cfdf6a-8b64-44b1-b38e-c831f77d552d;2020-03-03T07:55:00Z;173.58;173.5;173.59;173.5;62;
99cfdf6a-8b64-44b1-b38e-c831f77d552d;2020-03-03T07:56:00Z;173.5;173.18;173.54;173;31;
99cfdf6a-8b64-44b1-b38e-c831f77d552d;2020-03-03T07:57:00Z;173;173;173.7;173;36;
99cfdf6a-8b64-44b1-b38e-c831f77d552d;2020-03-03T07:58:00Z;173.18;173.7;173.7;173;22;
99cfdf6a-8b64-44b1-b38e-c831f77d552d;2020-03-03T07:59:00Z;173.7;173.7;173.8;173.2;119;
99cfdf6a-8b64-44b1-b38e-c831f77d552d;2020-03-03T08:00:00Z;173.7;173.51;173.7;173.51;24;
99cfdf6a-8b64-44b1-b38e-c831f77d552d;2020-03-03T08:01:00Z;173.2;173.51;173.51;173.2;11;
99cfdf6a-8b64-44b1-b38e-c831f77d552d;2020-03-03T08:02:00Z;173.5;173.5;173.5;173;47;
99cfdf6a-8b64-44b1-b38e-c831f77d552d;2020-03-03T08:03:00Z;173.51;173.51;173.51;173.5;192;
99cfdf6a-8b64-44b1-b38e-c831f77d552d;2020-03-03T08:04:00Z;173.51;173.5;173.51;173.5;14;
99cfdf6a-8b64-44b1-b38e-c831f77d552d;2020-03-03T08:05:00Z;173.5;173.51;173.51;173.5;84;
99cfdf6a-8b64-44b1-b38e-c831f77d552d;2020-03-03T08:06:00Z;173.51;173.7;173.7;173.51;39;
99cfdf6a-8b64-44b1-b38e-c831f77d552d;2020-03-03T08:07:00Z;173.5;173.7;173.7;173.5;22;
99cfdf6a-8b64-44b1-b38e-c831f77d552d;2020-03-03T08:08:00Z;173.7;173.42;173.7;173.42;50;
99cfdf6a-8b64-44b1-b38e-c831f77d552d;2020-03-03T08:09:00Z;173.39;173.32;173.39;173.31;11;
99cfdf6a-8b64-44b1-b38e-c831f77d552d;2020-03-03T08:10:00Z;173.33;173.35;173.35;173.33;61;
99cfdf6a-8b64-44b1-b38e-c831f77d552d;2020-03-03T08:11:00Z;173.21;173.31;173.31;173.2;18;
99cfdf6a-8b64-44b1-b38e-c831f77d552d;2020-03-03T08:12:00Z;173.31;173.18;173.31;173.18;20;
99cfdf6a-8b64-44b1-b38e-c831f77d552d;2020-03-03T08:13:00Z;173.02;173.17;173.17;172.98;23;
99cfdf6a-8b64-44b1-b38e-c831f77d552d;2020-03-03T08:14:00Z;173;173.33;173.34;172.98;6;
99cfdf6a-8b64-44b1-b38e-c831f77d552d;2020-03-03T08:16:00Z;173;173.14;173.14;172.97;10;
99cfdf6a-8b64-44b1-b38e-c831f77d552d;2020-03-03T08:17:00Z;173.13;173.13;173.13;173.13;3;
99cfdf6a-8b64-44b1-b38e-c831f77d552d;2020-03-03T08:18:00Z;173.13;173;173.13;172.9;18;
99cfdf6a-8b64-44b1-b38e-c831f77d552d;2020-03-03T08:19:00Z;173;172.9;173.01;172.9;11;
99cfdf6a-8b64-44b1-b38e-c831f77d552d;2020-03-03T08:20:00Z;173.01;173.35;173.35;173.01;53;
99cfdf6a-8b64-44b1-b38e-c831f77d552d;2020-03-03T08:21:00Z;173.35;173.33;173.67;172.91;16;
99cfdf6a-8b64-44b1-b38e-c831f77d552d;2020-03-03T08:22:00Z;173.32;173.32;173.32;173.32;1;
99cfdf6a-8b64-44b1-b38e-c831f77d552d;2020-03-03T08:23:00Z;173.4;173.69;173.7;173.4;210;
99cfdf6a-8b64-44b1-b38e-c831f77d552d;2020-03-03T08:24:00Z;173.4;173.69;173.69;173.4;19;
99cfdf6a-8b64-44b1-b38e-c831f77d552d;2020-03-03T08:25:00Z;173.69;173.69;173.69;173.4;14;
99cfdf6a-8b64-44b1-b38e-c831f77d552d;2020-03-03T08:26:00Z;173.7;173.7;173.7;173.7;27;
99cfdf6a-8b64-44b1-b38e-c831f77d552d;2020-03-03T08:27:00Z;173.5;173.7;173.7;173.38;63;
99cfdf6a-8b64-44b1-b38e-c831f77d552d;2020-03-03T08:28:00Z;173.7;173.7;173.7;173.42;8;
99cfdf6a-8b64-44b1-b38e-c831f77d552d;2020-03-03T08:29:00Z;173.69;173.7;173.7;173.69;5;
99cfdf6a-8b64-44b1-b38e-c831f77d552d;2020-03-03T08:30:00Z;173.61;173.45;173.61;173.45;3;
99cfdf6a-8b64-44b1-b38e-c831f77d552d;2020-03-03T08:31:00Z;173.63;173.68;173.68;173.63;12;
99cfdf6a-8b64-44b1-b38e-c831f77d552d;2020-03-03T08:32:00Z;173.44;173.46;173.68;172.5;136;
99cfdf6a-8b64-44b1-b38e-c831f77d552d;2020-03-03T08:33:00Z;173.43;173.43;173.43;171.81;175;
99cfdf6a-8b64-44b1-b38e-c831f77d552d;2020-03-03T08:34:00Z;173.65;173.68;173.68;173.65;4;
99cfdf6a-8b64-44b1-b38e-c831f77d552d;2020-03-03T08:35:00Z;173.66;173.66;173.66;173.66;2;
99cfdf6a-8b64-44b1-b38e-c831f77d552d;2020-03-03T08:36:00Z;173.5;173.65;173.65;173.5;5;
99cfdf6a-8b64-44b1-b38e-c831f77d552d;2020-03-03T08:37:00Z;173.65;173.64;173.65;173.64;7;
99cfdf6a-8b64-44b1-b38e-c831f77d552d;2020-03-03T08:38:00Z;173.68;173.5;173.8;173.5;113;
99cfdf6a-8b64-44b1-b38e-c831f77d552d;2020-03-03T08:39:00Z;173.78;173.5;173.8;173.5;14;
99cfdf6a-8b64-44b1-b38e-c831f77d552d;2020-03-03T08:40:00Z;173.64;173.5;173.64;173.5;4;
99cfdf6a-8b64-44b1-b38e-c831f77d552d;2020-03-03T08:41:00Z;173.5;173.64;173.64;173.5;4;
99cfdf6a-8b64-44b1-b38e-c831f77d552d;2020-03-03T08:44:00Z;173.79;173.8;173.8;173.5;17;
99cfdf6a-8b64-44b1-b38e-c831f77d552d;2020-03-03T08:45:00Z;173.8;173.8;173.8;173.8;12;
99cfdf6a-8b64-44b1-b38e-c831f77d552d;2020-03-03T08:47:00Z;173.79;173.6;173.8;173.6;10;
99cfdf6a-8b64-44b1-b38e-c831f77d552d;2020-03-03T08:48:00Z;173.8;173.61;173.8;173.61;6;
99cfdf6a-8b64-44b1-b38e-c831f77d552d;2020-03-03T08:49:00Z;173.6;173.43;173.6;173.43;9;
99cfdf6a-8b64-44b1-b38e-c831f77d552d;2020-03-03T08:50:00Z;173.2;173.02;173.78;173.02;15;
99cfdf6a-8b64-44b1-b38e-c831f77d552d;2020-03-03T08:51:00Z;173.76;173.77;173.77;173.76;2;
99cfdf6a-8b64-44b1-b38e-c831f77d552d;2020-03-03T08:52:00Z;173.19;173.79;173.79;173.05;30;
99cfdf6a-8b64-44b1-b38e-c831f77d552d;2020-03-03T08:53:00Z;173.64;173.64;173.64;173.64;1;
99cfdf6a-8b64-44b1-b38e-c831f77d552d;2020-03-03T08:54:00Z;173.64;173.64;173.8;173.64;47;
99cfdf6a-8b64-44b1-b38e-c831f77d552d;2020-03-03T08:55:00Z;173.6;173.6;173.6;173.6;6;
99cfdf6a-8b64-44b1-b38e-c831f77d552d;2020-03-03T08:56:00Z;173.8;173.8;173.88;173.8;9;
99cfdf6a-8b64-44b1-b38e-c831f77d552d;2020-03-03T08:57:00Z;173.88;173.8;173.88;173.8;19;
99cfdf6a-8b64-44b1-b38e-c831f77d552d;2020-03-03T08:58:00Z;173.51;173.88;173.88;173.51;5;
99cfdf6a-8b64-44b1-b38e-c831f77d552d;2020-03-03T08:59:00Z;173.8;173.8;173.8;173.8;4;
99cfdf6a-8b64-44b1-b38e-c831f77d552d;2020-03-03T09:00:00Z;173.8;173.88;173.88;173.8;18;
99cfdf6a-8b64-44b1-b38e-c831f77d552d;2020-03-03T09:01:00Z;173.88;173.85;173.89;173.5;22;
99cfdf6a-8b64-44b1-b38e-c831f77d552d;2020-03-03T09:02:00Z;173.72;173.22;173.72;173.22;2;
99cfdf6a-8b64-44b1-b38e-c831f77d552d;2020-03-03T09:03:00Z;173.4;173.23;173.4;173.23;4;
99cfdf6a-8b64-44b1-b38e-c831f77d552d;2020-03-03T09:04:00Z;173.2;173.2;173.2;173.07;8;
99cfdf6a-8b64-44b1-b38e-c831f77d552d;2020-03-03T09:05:00Z;173.06;173.01;173.13;173.01;17;
99cfdf6a-8b64-44b1-b38e-c831f77d552d;2020-03-03T09:06:00Z;173.01;173;173.01;173;6;
99cfdf6a-8b64-44b1-b38e-c831f77d552d;2020-03-03T09:07:00Z;173;173.01;173.01;173;24;
99cfdf6a-8b64-44b1-b38e-c831f77d552d;2020-03-03T09:08:00Z;173.01;173;173.12;173;54;
99cfdf6a-8b64-44b1-b38e-c831f77d552d;2020-03-03T09:09:00Z;173.11;172.76;173.11;172.76;59;
99cfdf6a-8b64-44b1-b38e-c831f77d552d;2020-03-03T09:10:00Z;173.04;173.13;173.13;173.04;3;
99cfdf6a-8b64-44b1-b38e-c831f77d552d;2020-03-03T09:11:00Z;173.13;173.13;173.13;173.13;2;
99cfdf6a-8b64-44b1-b38e-c831f77d552d;2020-03-03T09:12:00Z;173.2;173.22;173.22;173.2;202;
99cfdf6a-8b64-44b1-b38e-c831f77d552d;2020-03-03T09:13:00Z;173.83;173.83;173.83;173.83;1;
99cfdf6a-8b64-44b1-b38e-c831f77d552d;2020-03-03T09:14:00Z;173.5;173.5;173.5;173.5;1;
99cfdf6a-8b64-44b1-b38e-c831f77d552d;2020-03-03T09:15:00Z;173.5;173.83;173.83;173.5;16;
99cfdf6a-8b64-44b1-b38e-c831f77d552d;2020-03-03T09:16:00Z;173.67;173.73;173.89;173.67;5;
99cfdf6a-8b64-44b1-b38e-c831f77d552d;2020-03-03T09:18:00Z;173.7;173.71;173.71;173.7;2;
99cfdf6a-8b64-44b1-b38e-c831f77d552d;2020-03-03T09:19:00Z;173.72;173.72;173.72;173.7;14;
99cfdf6a-8b64-44b1-b38e-c831f77d552d;2020-03-03T09:20:00Z;173.89;173.88;173.89;173.88;2;
99cfdf6a-8b64-44b1-b38e-c831f77d552d;2020-03-03T09:21:00Z;173.89;173.73;173.89;173.73;8;
99cfdf6a-8b64-44b1-b38e-c831f77d552d;2020-03-03T09:22:00Z;173.88;173.88;173.88;173.88;1;
99cfdf6a-8b64-44b1-b38e-c831f77d552d;2020-03-03T09:23:00Z;173.76;173.9;173.9;173.65;236;
99cfdf6a-8b64-44b1-b38e-c831f77d552d;2020-03-03T09:24:00Z;173.76;173.9;173.9;173.76;14;
99cfdf6a-8b64-44b1-b38e-c831f77d552d;2020-03-03T09:27:00Z;173.37;173.71;173.71;173.37;9;
99cfdf6a-8b64-44b1-b38e-c831f77d552d;2020-03-03T09:28:00Z;173.39;173.39;173.39;173.39;1;
99cfdf6a-8b64-44b1-b38e-c831f77d552d;2020-03-03T09:29:00Z;173.72;173.42;173.72;173.42;12;
99cfdf6a-8b64-44b1-b38e-c831f77d552d;2020-03-03T09:30:00Z;173.65;173.65;173.65;173.65;1;
99cfdf6a-8b64-44b1-b38e-c831f77d552d;2020-03-03T09:31:00Z;173.65;173.5;173.65;173.5;7;
99cfdf6a-8b64-44b1-b38e-c831f77d552d;2020-03-03T09:32:00Z;173.5;173.5;173.5;173.5;1;
99cfdf6a-8b64-44b1-b38e-c831f77d552d;2020-03-03T09:33:00Z;173.5;173.5;173.5;173.5;54;
99cfdf6a-8b64-44b1-b38e-c831f77d552d;2020-03-03T09:34:00Z;173.65;173.64;173.65;173.64;38;
99cfdf6a-8b64-44b1-b38e-c831f77d552d;2020-03-03T09:35:00Z;173.64;173.64;173.64;173.64;1;
99cfdf6a-8b64-44b1-b38e-c831f77d552d;2020-03-03T09:36:00Z;173.65;173.7;173.7;173.65;9;
99cfdf6a-8b64-44b1-b38e-c831f77d552d;2020-03-03T09:37:00Z;173.7;173.89;173.89;173.7;9;
99cfdf6a-8b64-44b1-b38e-c831f77d552d;2020-03-03T09:38:00Z;173.89;173.89;173.89;173.89;4;
99cfdf6a-8b64-44b1-b38e-c831f77d552d;2020-03-03T09:40:00Z;173.88;173.88;173.88;173.88;4;
99cfdf6a-8b64-44b1-b38e-c831f77d552d;2020-03-03T09:41:00Z;173.88;173.81;173.9;173.81;167;
99cfdf6a-8b64-44b1-b38e-c831f77d552d;2020-03-03T09:42:00Z;173.9;173.9;173.9;173.9;31;
99cfdf6a-8b64-44b1-b38e-c831f77d552d;2020-03-03T09:43:00Z;173.9;173.9;173.9;173.89;101;
99cfdf6a-8b64-44b1-b38e-c831f77d552d;2020-03-03T09:44:00Z;173.78;173.78;173.78;173.78;51;
99cfdf6a-8b64-44b1-b38e-c831f77d552d;2020-03-03T09:45:00Z;173.89;173.9;173.9;173.89;201;
99cfdf6a-8b64-44b1-b38e-c831f77d552d;2020-03-03T09:46:00Z;173.9;173.9;173.9;173.9;10;
99cfdf6a-8b64-44b1-b38e-c831f77d552d;2020-03-03T09:47:00Z;173.9;173.9;173.9;173.89;8;
99cfdf6a-8b64-44b1-b38e-c831f77d552d;2020-03-03T09:48:00Z;173.66;173.88;173.88;173.66;2;
99cfdf6a-8b64-44b1-b38e-c831f77d552d;2020-03-03T09:49:00Z;173.89;173.9;173.9;173.88;1730;
99cfdf6a-8b64-44b1-b38e-c831f77d552d;2020-03-03T09:50:00Z;173.9;173.9;173.9;173.9;1;
99cfdf6a-8b64-44b1-b38e-c831f77d552d;2020-03-03T09:51:00Z;173.9;173.9;173.9;173.9;202;
99cfdf6a-8b64-44b1-b38e-c831f77d552d;2020-03-03T09:52:00Z;173.9;173.9;173.9;173.9;2;
99cfdf6a-8b64-44b1-b38e-c831f77d552d;2020-03-03T09:53:00Z;173.57;173.9;173.9;173.57;6;
99cfdf6a-8b64-44b1-b38e-c831f77d552d;2020-03-03T09:54:00Z;173.85;173.8;173.85;173.8;10;
99cfdf6a-8b64-44b1-b38e-c831f77d552d;2020-03-03T09:55:00Z;173.85;173.85;173.85;173.85;3;
99cfdf6a-8b64-44b1-b38e-c831f77d552d;2020-03-03T09:56:00Z;173.8;173.8;173.8;173.8;1;
99cfdf6a-8b64-44b1-b38e-c831f77d552d;2020-03-03T09:58:00Z;173.81;173.75;173.81;173.75;11;
99cfdf6a-8b64-44b1-b38e-c831f77d552d;2020-03-03T09:59:00Z;173.85;173.85;173.85;173.85;1;
99cfdf6a-8b64-44b1-b38e-c831f77d552d;2020-03-03T10:00:00Z;173.84;173.84;173.84;173.84;3;
99cfdf6a-8b64-44b1-b38e-c831f77d552d;2020-03-03T10:01:00Z;173.85;173.81;173.9;173.81;21;
99cfdf6a-8b64-44b1-b38e-c831f77d552d;2020-03-03T10:02:00Z;173.9;173.9;173.9;173.9;301;
99cfdf6a-8b64-44b1-b38e-c831f77d552d;2020-03-03T10:03:00Z;173.9;174;174;173.9;435;
99cfdf6a-8b64-44b1-b38e-c831f77d552d;2020-03-03T10:04:00Z;174;174;174;174;99;
99cfdf6a-8b64-44b1-b38e-c831f77d552d;2020-03-03T10:05:00Z;174;174;174;173.97;4;
99cfdf6a-8b64-44b1-b38e-c831f77d552d;2020-03-03T10:06:00Z;174;174;174;174;1;
99cfdf6a-8b64-44b1-b38e-c831f77d552d;2020-03-03T10:07:00Z;174;174;174;174;12;
99cfdf6a-8b64-44b1-b38e-c831f77d552d;2020-03-03T10:08:00Z;174.07;174.07;174.07;174.07;2;
99cfdf6a-8b64-44b1-b38e-c831f77d552d;2020-03-03T10:09:00Z;174.12;174.2;174.2;174.12;12;
99cfdf6a-8b64-44b1-b38e-c831f77d552d;2020-03-03T10:10:00Z;174.2;174.31;174.31;174.2;18;
99cfdf6a-8b64-44b1-b38e-c831f77d552d;2020-03-03T10:11:00Z;174.31;174.34;174.34;174.31;6;
99cfdf6a-8b64-44b1-b38e-c831f77d552d;2020-03-03T10:13:00Z;174.31;174.34;174.34;174.31;5;
99cfdf6a-8b64-44b1-b38e-c831f77d552d;2020-03-03T10:14:00Z;174.34;173.92;174.34;173.9;104;
99cfdf6a-8b64-44b1-b38e-c831f77d552d;2020-03-03T10:15:00Z;173.92;174.05;174.09;173.92;21;
99cfdf6a-8b64-44b1-b38e-c831f77d552d;2020-03-03T10:17:00Z;174.05;174.05;174.05;174.05;1;
99cfdf6a-8b64-44b1-b38e-c831f77d552d;2020-03-03T10:18:00Z;174.04;174.04;174.04;174.04;1;
99cfdf6a-8b64-44b1-b38e-c831f77d552d;2020-03-03T10:19:00Z;174.04;173.77;174.04;173.77;2;
99cfdf6a-8b64-44b1-b38e-c831f77d552d;2020-03-03T10:20:00Z;173.83;174.05;174.05;173.83;31;
99cfdf6a-8b64-44b1-b38e-c831f77d552d;2020-03-03T10:21:00Z;173.79;173.79;173.79;173.79;57;
99cfdf6a-8b64-44b1-b38e-c831f77d552d;2020-03-03T10:22:00Z;174.34;174.33;174.34;174.33;7;
99cfdf6a-8b64-44b1-b38e-c831f77d552d;2020-03-03T10:23:00Z;174.33;174.33;174.33;174.33;4;
99cfdf6a-8b64-44b1-b38e-c831f77d552d;2020-03-03T10:26:00Z;174.4;174;174.4;174;5;
99cfdf6a-8b64-44b1-b38e-c831f77d552d;2020-03-03T10:27:00Z;173.94;174.4;174.4;173.94;28;
99cfdf6a-8b64-44b1-b38e-c831f77d552d;2020-03-03T10:28:00Z;173.98;174.4;174.4;173.98;51;
99cfdf6a-8b64-44b1-b38e-c831f77d552d;2020-03-03T10:29:00Z;174.29;174.29;174.29;174.29;4;
99cfdf6a-8b64-44b1-b38e-c831f77d552d;2020-03-03T10:30:00Z;174.3;174.33;174.33;174.3;11;
99cfdf6a-8b64-44b1-b38e-c831f77d552d;2020-03-03T10:31:00Z;174.33;174.4;174.4;174.33;19;
99cfdf6a-8b64-44b1-b38e-c831f77d552d;2020-03-03T10:32:00Z;174.4;174.01;174.4;174.01;7;
99cfdf6a-8b64-44b1-b38e-c831f77d552d;2020-03-03T10:33:00Z;174.4;174.4;174.4;174.4;16;
99cfdf6a-8b64-44b1-b38e-c831f77d552d;2020-03-03T10:35:00Z;174.3;174.4;174.4;174.3;6;
99cfdf6a-8b64-44b1-b38e-c831f77d552d;2020-03-03T10:36:00Z;174.4;174.4;174.4;174.4;14;
99cfdf6a-8b64-44b1-b38e-c831f77d552d;2020-03-03T10:37:00Z;174.4;174.35;174.4;174.35;13;
99cfdf6a-8b64-44b1-b38e-c831f77d552d;2020-03-03T10:38:00Z;174.35;174.35;174.35;174.34;7;
99cfdf6a-8b64-44b1-b38e-c831f77d552d;2020-03-03T10:39:00Z;174.4;174.4;174.5;174.05;52;
99cfdf6a-8b64-44b1-b38e-c831f77d552d;2020-03-03T10:40:00Z;174.33;174.33;174.33;174.33;7;
99cfdf6a-8b64-44b1-b38e-c831f77d552d;2020-03-03T10:41:00Z;174.35;174.02;174.35;174.02;5;
99cfdf6a-8b64-44b1-b38e-c831f77d552d;2020-03-03T10:42:00Z;174.02;174.02;174.02;174.02;2;
99cfdf6a-8b64-44b1-b38e-c831f77d552d;2020-03-03T10:43:00Z;174.32;174.34;174.34;174.3;17;
99cfdf6a-8b64-44b1-b38e-c831f77d552d;2020-03-03T10:44:00Z;174.1;174.3;174.3;174.1;17;
99cfdf6a-8b64-44b1-b38e-c831f77d552d;2020-03-03T10:45:00Z;174.32;174.34;174.34;174.32;3;
99cfdf6a-8b64-44b1-b38e-c831f77d552d;2020-03-03T10:47:00Z;174.32;174.32;174.32;174.32;1;
99cfdf6a-8b64-44b1-b38e-c831f77d552d;2020-03-03T10:48:00Z;174.39;174.39;174.39;174.39;5;
99cfdf6a-8b64-44b1-b38e-c831f77d552d;2020-03-03T10:49:00Z;174.4;174.4;174.4;174.4;4;
99cfdf6a-8b64-44b1-b38e-c831f77d552d;2020-03-03T10:50:00Z;174.47;174.5;174.5;174.47;3;
99cfdf6a-8b64-44b1-b38e-c831f77d552d;2020-03-03T10:51:00Z;174.21;174.21;174.21;174.21;4;
99cfdf6a-8b64-44b1-b38e-c831f77d552d;2020-03-03T10:52:00Z;174.21;174.49;174.5;174.21;13;
99cfdf6a-8b64-44b1-b38e-c831f77d552d;2020-03-03T10:53:00Z;174.5;174.21;174.5;174.21;7;
99cfdf6a-8b64-44b1-b38e-c831f77d552d;2020-03-03T10:54:00Z;174.48;174.46;174.48;174.1;56;
99cfdf6a-8b64-44b1-b38e-c831f77d552d;2020-03-03T10:55:00Z;174.47;174.47;174.47;174.47;5;
99cfdf6a-8b64-44b1-b38e-c831f77d552d;2020-03-03T10:56:00Z;174.11;174.47;174.47;174.11;4;
99cfdf6a-8b64-44b1-b38e-c831f77d552d;2020-03-03T10:57:00Z;174.48;174.48;174.48;174.48;2;
99cfdf6a-8b64-44b1-b38e-c831f77d552d;2020-03-03T10:58:00Z;174.4;174.4;174.4;174.4;3;
99cfdf6a-8b64-44b1-b38e-c831f77d552d;2020-03-03T10:59:00Z;174.43;174.43;174.43;174.43;1;
99cfdf6a-8b64-44b1-b38e-c831f77d552d;2020-03-03T11:01:00Z;174.37;174.2;174.4;174.2;36;
99cfdf6a-8b64-44b1-b38e-c831f77d552d;2020-03-03T11:02:00Z;174.4;174.2;174.4;174.2;10;
99cfdf6a-8b64-44b1-b38e-c831f77d552d;2020-03-03T11:03:00Z;174.13;173.9;174.13;173.9;91;
99cfdf6a-8b64-44b1-b38e-c831f77d552d;2020-03-03T11:04:00Z;173.95;173.9;173.97;173.9;20;
99cfdf6a-8b64-44b1-b38e-c831f77d552d;2020-03-03T11:05:00Z;173.94;173.99;173.99;173.9;14;
99cfdf6a-8b64-44b1-b38e-c831f77d552d;2020-03-03T11:06:00Z;173.99;173.9;174.12;173.9;20;
99cfdf6a-8b64-44b1-b38e-c831f77d552d;2020-03-03T11:07:00Z;173.97;173.23;173.97;173.22;157;
99cfdf6a-8b64-44b1-b38e-c831f77d552d;2020-03-03T11:08:00Z;173.41;173.57;173.57;173.41;14;
99cfdf6a-8b64-44b1-b38e-c831f77d552d;2020-03-03T11:09:00Z;173.55;173.55;173.55;173.55;11;
99cfdf6a-8b64-44b1-b38e-c831f77d552d;2020-03-03T11:10:00Z;173.5;173.54;173.54;173.5;20;
99cfdf6a-8b64-44b1-b38e-c831f77d552d;2020-03-03T11:12:00Z;173.5;173.1;173.92;173.1;191;
99cfdf6a-8b64-44b1-b38e-c831f77d552d;2020-03-03T11:13:00Z;173.01;173.88;173.88;172.5;96;
99cfdf6a-8b64-44b1-b38e-c831f77d552d;2020-03-03T11:14:00Z;173.86;173.3;173.86;173.22;21;
99cfdf6a-8b64-44b1-b38e-c831f77d552d;2020-03-03T11:15:00Z;173;173;173.35;173;96;
99cfdf6a-8b64-44b1-b38e-c831f77d552d;2020-03-03T11:16:00Z;173.01;173.35;173.35;173.01;22;
99cfdf6a-8b64-44b1-b38e-c831f77d552d;2020-03-03T11:17:00Z;173.28;173.19;173.28;173;56;
99cfdf6a-8b64-44b1-b38e-c831f77d552d;2020-03-03T11:18:00Z;173.13;173;173.37;173;103;
99cfdf6a-8b64-44b1-b38e-c831f77d552d;2020-03-03T11:19:00Z;173;173.11;173.11;173;95;
99cfdf6a-8b64-44b1-b38e-c831f77d552d;2020-03-03T11:20:00Z;173.1;173.1;173.1;173.1;5;
99cfdf6a-8b64-44b1-b38e-c831f77d552d;2020-03-03T11:21:00Z;173.36;173.36;173.36;173.36;10;
99cfdf6a-8b64-44b1-b38e-c831f77d552d;2020-03-03T11:22:00Z;173.4;173.4;173.4;173.4;12;
99cfdf6a-8b64-44b1-b38e-c831f77d552d;2020-03-03T11:24:00Z;173.44;173.23;173.44;173.23;9;
99cfdf6a-8b64-44b1-b38e-c831f77d552d;2020-03-03T11:25:00Z;173.06;173.03;173.06;173.03;17;
99cfdf6a-8b64-44b1-b38e-c831f77d552d;2020-03-03T11:26:00Z;173.03;172.71;173.03;172.71;6;
99cfdf6a-8b64-44b1-b38e-c831f77d552d;2020-03-03T11:27:00Z;172.7;172.71;172.71;172.7;51;
99cfdf6a-8b64-44b1-b38e-c831f77d552d;2020-03-03T11:28:00Z;172.71;172.71;172.71;172.7;56;
99cfdf6a-8b64-44b1-b38e-c831f77d552d;2020-03-03T11:29:00Z;173.78;173.79;173.79;173.78;3;
99cfdf6a-8b64-44b1-b38e-c831f77d552d;2020-03-03T11:30:00Z;172.86;172.86;172.86;172.86;3;
99cfdf6a-8b64-44b1-b38e-c831f77d552d;2020-03-03T11:31:00Z;173.13;173.13;173.13;173.13;2;
99cfdf6a-8b64-44b1-b38e-c831f77d552d;2020-03-03T11:32:00Z;173.34;173.49;173.49;173.34;5;
99cfdf6a-8b64-44b1-b38e-c831f77d552d;2020-03-03T11:34:00Z;173.27;173.27;173.27;173.27;4;
99cfdf6a-8b64-44b1-b38e-c831f77d552d;2020-03-03T11:35:00Z;173.35;173.2;173.36;173.2;23;
99cfdf6a-8b64-44b1-b38e-c831f77d552d;2020-03-03T11:36:00Z;173.3;173.15;173.3;173.15;14;
99cfdf6a-8b64-44b1-b38e-c831f77d552d;2020-03-03T11:37:00Z;173.29;173.31;173.31;173.28;13;
99cfdf6a-8b64-44b1-b38e-c831f77d552d;2020-03-03T11:38:00Z;173.32;173.33;173.33;173.32;6;
99cfdf6a-8b64-44b1-b38e-c831f77d552d;2020-03-03T11:39:00Z;173.2;173.26;173.26;173.15;35;
99cfdf6a-8b64-44b1-b38e-c831f77d552d;2020-03-03T11:40:00Z;173.15;173.07;173.15;173.07;11;
99cfdf6a-8b64-44b1-b38e-c831f77d552d;2020-03-03T11:42:00Z;173.13;173.07;173.13;172.76;17;
99cfdf6a-8b64-44b1-b38e-c831f77d552d;2020-03-03T11:44:00Z;172.81;172.76;172.81;172.76;17;
99cfdf6a-8b64-44b1-b38e-c831f77d552d;2020-03-03T11:45:00Z;172.76;172.74;172.76;172.74;33;
99cfdf6a-8b64-44b1-b38e-c831f77d552d;2020-03-03T11:46:00Z;172.7;172.7;172.71;172.7;3;
99cfdf6a-8b64-44b1-b38e-c831f77d552d;2020-03-03T11:47:00Z;172.75;172.75;172.75;172.75;29;
99cfdf6a-8b64-44b1-b38e-c831f77d552d;2020-03-03T11:48:00Z;172.8;172.8;172.8;172.8;1;
99cfdf6a-8b64-44b1-b38e-c831f77d552d;2020-03-03T11:49:00Z;173.1;172.99;173.1;172.74;7;
99cfdf6a-8b64-44b1-b38e-c831f77d552d;2020-03-03T11:50:00Z;172.99;172.99;172.99;172.99;6;
99cfdf6a-8b64-44b1-b38e-c831f77d552d;2020-03-03T11:54:00Z;173.2;173.2;173.2;173.2;2;
99cfdf6a-8b64-44b1-b38e-c831f77d552d;2020-03-03T11:57:00Z;173.2;173.18;173.2;173.18;3;
99cfdf6a-8b64-44b1-b38e-c831f77d552d;2020-03-03T11:58:00Z;173.08;173;173.08;173;8;
99cfdf6a-8b64-44b1-b38e-c831f77d552d;2020-03-03T11:59:00Z;173.2;173.2;173.2;173.2;2;
99cfdf6a-8b64-44b1-b38e-c831f77d552d;2020-03-03T12:00:00Z;173.2;173.2;173.2;173.2;3;
99cfdf6a-8b64-44b1-b38e-c831f77d552d;2020-03-03T12:02:00Z;173.42;173.54;174.3;173.41;443;
99cfdf6a-8b64-44b1-b38e-c831f77d552d;2020-03-03T12:03:00Z;173.83;173.83;173.83;173.83;50;
99cfdf6a-8b64-44b1-b38e-c831f77d552d;2020-03-03T12:04:00Z;173.83;173.83;173.83;173.83;2;
99cfdf6a-8b64-44b1-b38e-c831f77d552d;2020-03-03T12:05:00Z;173.8;173.6;173.8;173.6;8;
99cfdf6a-8b64-44b1-b38e-c831f77d552d;2020-03-03T12:06:00Z;173.62;173.2;173.62;173.2;13;
99cfdf6a-8b64-44b1-b38e-c831f77d552d;2020-03-03T12:07:00Z;173.36;173.36;173.36;173.36;1;
99cfdf6a-8b64-44b1-b38e-c831f77d552d;2020-03-03T12:09:00Z;173.44;173.5;173.5;173.22;3;
99cfdf6a-8b64-44b1-b38e-c831f77d552d;2020-03-03T12:10:00Z;173.23;173.23;173.23;173.23;1;
99cfdf6a-8b64-44b1-b38e-c831f77d552d;2020-03-03T12:11:00Z;173.8;173.8;173.8;173.8;1;
99cfdf6a-8b64-44b1-b38e-c831f77d552d;2020-03-03T12:12:00Z;173.83;173.83;173.83;173.83;10;
99cfdf6a-8b64-44b1-b38e-c831f77d552d;2020-03-03T12:13:00Z;173.9;173.9;173.9;173.9;31;
99cfdf6a-8b64-44b1-b38e-c831f77d552d;2020-03-03T12:14:00Z;173.9;173.8;173.9;173.8;152;
99cfdf6a-8b64-44b1-b38e-c831f77d552d;2020-03-03T12:16:00Z;173.68;173.53;173.68;173.47;26;
99cfdf6a-8b64-44b1-b38e-c831f77d552d;2020-03-03T12:17:00Z;173.47;173.65;173.66;173.46;8;
99cfdf6a-8b64-44b1-b38e-c831f77d552d;2020-03-03T12:18:00Z;173.9;173.61;173.9;173.61;13;
99cfdf6a-8b64-44b1-b38e-c831f77d552d;2020-03-03T12:19:00Z;173.9;173.9;173.9;173.9;85;
99cfdf6a-8b64-44b1-b38e-c831f77d552d;2020-03-03T12:20:00Z;173.67;173.67;173.67;173.67;3;
99cfdf6a-8b64-44b1-b38e-c831f77d552d;2020-03-03T12:21:00Z;173.9;173.9;173.9;173.9;22;
99cfdf6a-8b64-44b1-b38e-c831f77d552d;2020-03-03T12:22:00Z;173.79;174.2;174.2;173.79;2;
99cfdf6a-8b64-44b1-b38e-c831f77d552d;2020-03-03T12:23:00Z;174.2;174.2;174.2;174.2;1;
99cfdf6a-8b64-44b1-b38e-c831f77d552d;2020-03-03T12:24:00Z;174.05;174.21;174.21;174.05;45;
99cfdf6a-8b64-44b1-b38e-c831f77d552d;2020-03-03T12:25:00Z;174.35;174.2;174.35;174.2;3;
99cfdf6a-8b64-44b1-b38e-c831f77d552d;2020-03-03T12:26:00Z;174.1;174.1;174.1;174.1;2;
99cfdf6a-8b64-44b1-b38e-c831f77d552d;2020-03-03T12:27:00Z;174;174;174;173.83;9;
99cfdf6a-8b64-44b1-b38e-c831f77d552d;2020-03-03T12:28:00Z;174.25;174.24;174.25;173.94;5;
99cfdf6a-8b64-44b1-b38e-c831f77d552d;2020-03-03T12:29:00Z;174.24;174.28;174.28;173.9;31;
99cfdf6a-8b64-44b1-b38e-c831f77d552d;2020-03-03T12:30:00Z;174.12;173.97;174.13;173.96;499;
99cfdf6a-8b64-44b1-b38e-c831f77d552d;2020-03-03T12:31:00Z;174.01;174.01;174.01;174.01;18;
99cfdf6a-8b64-44b1-b38e-c831f77d552d;2020-03-03T12:32:00Z;174.01;174.07;174.2;174.01;458;
99cfdf6a-8b64-44b1-b38e-c831f77d552d;2020-03-03T12:33:00Z;174.29;173.25;174.3;173.25;5362;
99cfdf6a-8b64-44b1-b38e-c831f77d552d;2020-03-03T12:34:00Z;173.54;173.75;173.75;173;2358;
99cfdf6a-8b64-44b1-b38e-c831f77d552d;2020-03-03T12:35:00Z;173.74;173.52;173.74;173.03;1503;
99cfdf6a-8b64-44b1-b38e-c831f77d552d;2020-03-03T12:36:00Z;173.3;172.6;173.51;172.6;2788;
99cfdf6a-8b64-44b1-b38e-c831f77d552d;2020-03-03T12:37:00Z;172.51;172.52;172.94;172.51;2360;
99cfdf6a-8b64-44b1-b38e-c831f77d552d;2020-03-03T12:38:00Z;172.56;172.8;173;172.52;2796;
99cfdf6a-8b64-44b1-b38e-c831f77d552d;2020-03-03T12:39:00Z;172.8;172.88;172.91;172.54;600;
99cfdf6a-8b64-44b1-b38e-c831f77d552d;2020-03-03T12:40:00Z;172.8;172.89;173.09;172.8;538;
99cfdf6a-8b64-44b1-b38e-c831f77d552d;2020-03-03T12:41:00Z;172.91;172.89;173.25;172.89;1526;
99cfdf6a-8b64-44b1-b38e-c831f77d552d;2020-03-03T12:42:00Z;172.81;172.9;172.9;172.81;523;
99cfdf6a-8b64-44b1-b38e-c831f77d552d;2020-03-03T12:43:00Z;173.27;173.1;173.33;173.1;127;
99cfdf6a-8b64-44b1-b38e-c831f77d552d;2020-03-03T12:44:00Z;172.8;172.51;172.8;172.51;3022;
99cfdf6a-8b64-44b1-b38e-c831f77d552d;2020-03-03T12:45:00Z;172.51;172.77;172.78;172.5;1791;
99cfdf6a-8b64-44b1-b38e-c831f77d552d;2020-03-03T12:46:00Z;172.45;172.09;172.59;172.09;2247;
99cfdf6a-8b64-44b1-b38e-c831f77d552d;2020-03-03T12:47:00Z;172.09;172.18;172.39;172.01;785;
99cfdf6a-8b64-44b1-b38e-c831f77d552d;2020-03-03T12:48:00Z;172.34;172.22;172.34;172.03;1699;
99cfdf6a-8b64-44b1-b38e-c831f77d552d;2020-03-03T12:49:00Z;172.37;172.5;172.5;172.22;712;
99cfdf6a-8b64-44b1-b38e-c831f77d552d;2020-03-03T12:50:00Z;172.35;172.78;172.78;172.35;78;
99cfdf6a-8b64-44b1-b38e-c831f77d552d;2020-03-03T12:51:00Z;172.6;172.51;172.75;172.51;822;
99cfdf6a-8b64-44b1-b38e-c831f77d552d;2020-03-03T12:52:00Z;172.5;172.37;172.52;172.22;747;
99cfdf6a-8b64-44b1-b38e-c831f77d552d;2020-03-03T12:53:00Z;172.35;172.13;172.39;172.13;333;
99cfdf6a-8b64-44b1-b38e-c831f77d552d;2020-03-03T12:54:00Z;172.11;172.45;172.45;172.11;21;
99cfdf6a-8b64-44b1-b38e-c831f77d552d;2020-03-03T12:55:00Z;172.2;172.01;172.4;172.01;568;
99cfdf6a-8b64-44b1-b38e-c831f77d552d;2020-03-03T12:56:00Z;172.34;172.3;172.49;172.11;509;
99cfdf6a-8b64-44b1-b38e-c831f77d552d;2020-03-03T12:57:00Z;172.3;172.73;172.73;172.15;1534;
99cfdf6a-8b64-44b1-b38e-c831f77d552d;2020-03-03T12:58:00Z;172.77;173.29;173.29;172.77;871;
99cfdf6a-8b64-44b1-b38e-c831f77d552d;2020-03-03T12:59:00Z;173;172.83;173;172.83;807;
99cfdf6a-8b64-44b1-b38e-c831f77d552d;2020-03-03T13:00:00Z;172.9;172.61;173;172.5;1106;
99cfdf6a-8b64-44b1-b38e-c831f77d552d;2020-03-03T13:01:00Z;172.8;172.66;172.8;172.64;112;
99cfdf6a-8b64-44b1-b38e-c831f77d552d;2020-03-03T13:02:00Z;172.7;172.3;172.7;172.3;155;
99cfdf6a-8b64-44b1-b38e-c831f77d552d;2020-03-03T13:03:00Z;172.3;172.2;172.3;172.2;303;
99cfdf6a-8b64-44b1-b38e-c831f77d552d;2020-03-03T13:04:00Z;172.22;172.1;172.22;172.1;1278;
99cfdf6a-8b64-44b1-b38e-c831f77d552d;2020-03-03T13:05:00Z;172;171.23;172.22;171.12;3871;
99cfdf6a-8b64-44b1-b38e-c831f77d552d;2020-03-03T13:06:00Z;171.5;171.45;171.6;171.23;1204;
99cfdf6a-8b64-44b1-b38e-c831f77d552d;2020-03-03T13:07:00Z;171.4;172;172;170.98;7424;
99cfdf6a-8b64-44b1-b38e-c831f77d552d;2020-03-03T13:08:00Z;172;172;172;171.72;26;
99cfdf6a-8b64-44b1-b38e-c831f77d552d;2020-03-03T13:09:00Z;172;172;172;171.7;849;
99cfdf6a-8b64-44b1-b38e-c831f77d552d;2020-03-03T13:10:00Z;172;172;172;171.76;883;
99cfdf6a-8b64-44b1-b38e-c831f77d552d;2020-03-03T13:11:00Z;171.94;171.9;172.2;171.54;1964;
99cfdf6a-8b64-44b1-b38e-c831f77d552d;2020-03-03T13:12:00Z;171.9;171.62;171.9;171.52;2171;
99cfdf6a-8b64-44b1-b38e-c831f77d552d;2020-03-03T13:13:00Z;171.61;171.78;172;171.5;2794;
99cfdf6a-8b64-44b1-b38e-c831f77d552d;2020-03-03T13:14:00Z;171.99;172.19;172.37;171.99;414;
99cfdf6a-8b64-44b1-b38e-c831f77d552d;2020-03-03T13:15:00Z;172.16;172.37;172.37;172.16;192;
99cfdf6a-8b64-44b1-b38e-c831f77d552d;2020-03-03T13:16:00Z;172.49;172.44;172.49;172.37;438;
99cfdf6a-8b64-44b1-b38e-c831f77d552d;2020-03-03T13:17:00Z;172.44;172;172.44;172;144;
99cfdf6a-8b64-44b1-b38e-c831f77d552d;2020-03-03T13:18:00Z;172;172.17;172.17;171.99;1503;
99cfdf6a-8b64-44b1-b38e-c831f77d552d;2020-03-03T13:19:00Z;172.19;172.4;172.49;172.19;1199;
99cfdf6a-8b64-44b1-b38e-c831f77d552d;2020-03-03T13:20:00Z;172.4;172.5;172.5;172.25;691;
99cfdf6a-8b64-44b1-b38e-c831f77d552d;2020-03-03T13:21:00Z;172.4;172.7;172.74;172.4;131;
99cfdf6a-8b64-44b1-b38e-c831f77d552d;2020-03-03T13:22:00Z;172.69;172.79;172.79;172.59;2371;
99cfdf6a-8b64-44b1-b38e-c831f77d552d;2020-03-03T13:23:00Z;172.79;172.8;172.8;172.69;362;
99cfdf6a-8b64-44b1-b38e-c831f77d552d;2020-03-03T13:24:00Z;172.8;173.22;173.22;172.63;2445;
99cfdf6a-8b64-44b1-b38e-c831f77d552d;2020-03-03T13:25:00Z;173.22;173.23;173.23;173.09;3173;
99cfdf6a-8b64-44b1-b38e-c831f77d552d;2020-03-03T13:26:00Z;173.15;173.17;173.5;173.11;761;
99cfdf6a-8b64-44b1-b38e-c831f77d552d;2020-03-03T13:27:00Z;173.19;172.79;173.27;172.41;1988;
99cfdf6a-8b64-44b1-b38e-c831f77d552d;2020-03-03T13:28:00Z;172.76;173;173.01;172.76;2885;
99cfdf6a-8b64-44b1-b38e-c831f77d552d;2020-03-03T13:29:00Z;173.29;173;173.29;172.98;27;
99cfdf6a-8b64-44b1-b38e-c831f77d552d;2020-03-03T13:30:00Z;173.17;172.98;173.17;172.72;775;
99cfdf6a-8b64-44b1-b38e-c831f77d552d;2020-03-03T13:31:00Z;173;172.6;173;172.6;2904;
99cfdf6a-8b64-44b1-b38e-c831f77d552d;2020-03-03T13:32:00Z;172.94;173;173;172.85;1302;
99cfdf6a-8b64-44b1-b38e-c831f77d552d;2020-03-03T13:33:00Z;173.01;173.2;173.2;173;2022;
99cfdf6a-8b64-44b1-b38e-c831f77d552d;2020-03-03T13:34:00Z;173.3;173.3;173.4;173.25;1542;
99cfdf6a-8b64-44b1-b38e-c831f77d552d;2020-03-03T13:35:00Z;173.3;173.29;173.48;173.25;5033;
99cfdf6a-8b64-44b1-b38e-c831f77d552d;2020-03-03T13:36:00Z;173.28;173.76;173.76;173.28;1452;
99cfdf6a-8b64-44b1-b38e-c831f77d552d;2020-03-03T13:37:00Z;173.75;173.6;173.85;173.6;1074;
99cfdf6a-8b64-44b1-b38e-c831f77d552d;2020-03-03T13:38:00Z;173.5;173.4;173.57;173.35;793;
99cfdf6a-8b64-44b1-b38e-c831f77d552d;2020-03-03T13:39:00Z;173.25;173.11;173.4;173.06;2354;
99cfdf6a-8b64-44b1-b38e-c831f77d552d;2020-03-03T13:40:00Z;173.36;173.3;173.36;173;6455;
99cfdf6a-8b64-44b1-b38e-c831f77d552d;2020-03-03T13:41:00Z;173.01;173.12;173.29;173;1809;
99cfdf6a-8b64-44b1-b38e-c831f77d552d;2020-03-03T13:42:00Z;173.02;172.92;173.2;172.74;1444;
99cfdf6a-8b64-44b1-b38e-c831f77d552d;2020-03-03T13:43:00Z;173.18;173.22;173.29;173.1;2103;
99cfdf6a-8b64-44b1-b38e-c831f77d552d;2020-03-03T13:44:00Z;173.2;173.11;173.2;173.02;194;
99cfdf6a-8b64-44b1-b38e-c831f77d552d;2020-03-03T13:45:00Z;173;172.55;173.1;172.55;4558;
99cfdf6a-8b64-44b1-b38e-c831f77d552d;2020-03-03T13:46:00Z;172.72;172.74;172.96;172.72;624;
99cfdf6a-8b64-44b1-b38e-c831f77d552d;2020-03-03T13:47:00Z;172.89;172.94;172.94;172.89;15;
99cfdf6a-8b64-44b1-b38e-c831f77d552d;2020-03-03T13:48:00Z;172.88;172.95;172.95;172.88;12;
99cfdf6a-8b64-44b1-b38e-c831f77d552d;2020-03-03T13:49:00Z;172.91;173.13;173.14;172.9;598;
99cfdf6a-8b64-44b1-b38e-c831f77d552d;2020-03-03T13:50:00Z;173.14;173.14;173.15;173;660;
99cfdf6a-8b64-44b1-b38e-c831f77d552d;2020-03-03T13:51:00Z;173.1;173.1;173.1;173.1;55;
99cfdf6a-8b64-44b1-b38e-c831f77d552d;2020-03-03T13:52:00Z;173.1;173.15;173.16;173.1;131;
99cfdf6a-8b64-44b1-b38e-c831f77d552d;2020-03-03T13:53:00Z;173.15;173.18;173.18;173.12;153;
99cfdf6a-8b64-44b1-b38e-c831f77d552d;2020-03-03T13:54:00Z;173.19;173.1;173.19;173.1;1820;
99cfdf6a-8b64-44b1-b38e-c831f77d552d;2020-03-03T13:55:00Z;173.05;173;173.1;172.84;358;
99cfdf6a-8b64-44b1-b38e-c831f77d552d;2020-03-03T13:56:00Z;173.1;173.17;173.18;173.1;4154;
99cfdf6a-8b64-44b1-b38e-c831f77d552d;2020-03-03T13:57:00Z;173.16;172.73;173.17;172.7;2275;
99cfdf6a-8b64-44b1-b38e-c831f77d552d;2020-03-03T13:59:00Z;173;173.45;173.5;172.8;2218;
99cfdf6a-8b64-44b1-b38e-c831f77d552d;2020-03-03T14:00:00Z;173.31;173.27;173.31;173;371;
99cfdf6a-8b64-44b1-b38e-c831f77d552d;2020-03-03T14:01:00Z;173.08;173.08;173.08;172.8;1433;
99cfdf6a-8b64-44b1-b38e-c831f77d552d;2020-03-03T14:02:00Z;173.32;173.48;173.48;173.09;189;
99cfdf6a-8b64-44b1-b38e-c831f77d552d;2020-03-03T14:03:00Z;173.35;173.46;173.46;173.28;168;
99cfdf6a-8b64-44b1-b38e-c831f77d552d;2020-03-03T14:04:00Z;173.31;173.33;173.35;173.16;917;
99cfdf6a-8b64-44b1-b38e-c831f77d552d;2020-03-03T14:05:00Z;173.33;173.19;173.36;173.16;461;
99cfdf6a-8b64-44b1-b38e-c831f77d552d;2020-03-03T14:06:00Z;173.3;173.3;173.34;173.24;16;
99cfdf6a-8b64-44b1-b38e-c831f77d552d;2020-03-03T14:07:00Z;173.25;173.33;173.46;173.25;727;
99cfdf6a-8b64-44b1-b38e-c831f77d552d;2020-03-03T14:08:00Z;173.32;173.22;173.32;173.22;506;
99cfdf6a-8b64-44b1-b38e-c831f77d552d;2020-03-03T14:09:00Z;173.22;173.15;173.27;173.15;1397;
99cfdf6a-8b64-44b1-b38e-c831f77d552d;2020-03-03T14:10:00Z;173.15;173;173.15;172.84;1117;
99cfdf6a-8b64-44b1-b38e-c831f77d552d;2020-03-03T14:11:00Z;173;172.99;173.1;172.79;2419;
99cfdf6a-8b64-44b1-b38e-c831f77d552d;2020-03-03T14:12:00Z;172.86;172.89;172.91;172.84;513;
99cfdf6a-8b64-44b1-b38e-c831f77d552d;2020-03-03T14:13:00Z;173;173.09;173.22;173;1880;
99cfdf6a-8b64-44b1-b38e-c831f77d552d;2020-03-03T14:14:00Z;173;173;173;173;136;
99cfdf6a-8b64-44b1-b38e-c831f77d552d;2020-03-03T14:15:00Z;173.25;173.73;173.73;173.25;3513;
99cfdf6a-8b64-44b1-b38e-c831f77d552d;2020-03-03T14:16:00Z;173.7;173.66;173.81;173.66;6210;
99cfdf6a-8b64-44b1-b38e-c831f77d552d;2020-03-03T14:17:00Z;173.7;173.8;173.88;173.6;147;
99cfdf6a-8b64-44b1-b38e-c831f77d552d;2020-03-03T14:18:00Z;173.88;173.7;173.88;173.7;66;
99cfdf6a-8b64-44b1-b38e-c831f77d552d;2020-03-03T14:19:00Z;173.89;173.8;173.91;173.73;4908;
99cfdf6a-8b64-44b1-b38e-c831f77d552d;2020-03-03T14:20:00Z;173.73;173.76;173.79;173.61;865;
99cfdf6a-8b64-44b1-b38e-c831f77d552d;2020-03-03T14:21:00Z;173.76;173.8;173.85;173.61;4556;
99cfdf6a-8b64-44b1-b38e-c831f77d552d;2020-03-03T14:22:00Z;173.81;173.88;173.9;173.61;2139;
99cfdf6a-8b64-44b1-b38e-c831f77d552d;2020-03-03T14:23:00Z;173.88;173.9;173.96;173.83;11648;
99cfdf6a-8b64-44b1-b38e-c831f77d552d;2020-03-03T14:24:00Z;173.9;174;174;173.84;8555;
99cfdf6a-8b64-44b1-b38e-c831f77d552d;2020-03-03T14:25:00Z;174;174.03;174.1;173.92;4915;
99cfdf6a-8b64-44b1-b38e-c831f77d552d;2020-03-03T14:26:00Z;174.12;174.3;174.44;174.1;1613;
99cfdf6a-8b64-44b1-b38e-c831f77d552d;2020-03-03T14:27:00Z;174.43;174.2;174.43;173.99;2093;
99cfdf6a-8b64-44b1-b38e-c831f77d552d;2020-03-03T14:28:00Z;174.09;173.85;174.09;173.85;1170;
99cfdf6a-8b64-44b1-b38e-c831f77d552d;2020-03-03T14:29:00Z;173.97;173.79;174.09;173.66;16424;
99cfdf6a-8b64-44b1-b38e-c831f77d552d;2020-03-03T14:30:00Z;173.8;172.85;174;172.67;1754174;
99cfdf6a-8b64-44b1-b38e-c831f77d552d;2020-03-03T14:31:00Z;172.8;172.45;173.17;172.22;86287;
99cfdf6a-8b64-44b1-b38e-c831f77d552d;2020-03-03T14:32:00Z;172.49;172.36;172.74;172.2;51319;
99cfdf6a-8b64-44b1-b38e-c831f77d552d;2020-03-03T14:33:00Z;172.38;173.05;173.1;172.32;84501;
99cfdf6a-8b64-44b1-b38e-c831f77d552d;2020-03-03T14:34:00Z;173.04;172.21;173.05;172.15;81849;
99cfdf6a-8b64-44b1-b38e-c831f77d552d;2020-03-03T14:35:00Z;172.28;171.82;172.31;171.62;192126;
99cfdf6a-8b64-44b1-b38e-c831f77d552d;2020-03-03T14:36:00Z;171.85;170.84;171.86;170.84;91460;
99cfdf6a-8b64-44b1-b38e-c831f77d552d;2020-03-03T14:37:00Z;170.87;170.54;171.01;170.41;69962;
99cfdf6a-8b64-44b1-b38e-c831f77d552d;2020-03-03T14:38:00Z;170.54;170.41;170.83;170.21;61451;
99cfdf6a-8b64-44b1-b38e-c831f77d552d;2020-03-03T14:39:00Z;170.38;170.32;170.46;169.9;148868;
99cfdf6a-8b64-44b1-b38e-c831f77d552d;2020-03-03T14:40:00Z;170.34;170.5;170.83;170.15;90309;
99cfdf6a-8b64-44b1-b38e-c831f77d552d;2020-03-03T14:41:00Z;170.47;170.3;170.47;169.9;88295;
99cfdf6a-8b64-44b1-b38e-c831f77d552d;2020-03-03T14:42:00Z;170.3;170.63;170.63;169.88;55396;
99cfdf6a-8b64-44b1-b38e-c831f77d552d;2020-03-03T14:43:00Z;170.62;170.9;171.06;170.5;70464;
99cfdf6a-8b64-44b1-b38e-c831f77d552d;2020-03-03T14:44:00Z;170.95;170.2;170.98;170.12;42920;
99cfdf6a-8b64-44b1-b38e-c831f77d552d;2020-03-03T14:45:00Z;170.21;169.93;170.62;169.89;60437;
99cfdf6a-8b64-44b1-b38e-c831f77d552d;2020-03-03T14:46:00Z;169.92;170.15;170.34;169.77;35828;
99cfdf6a-8b64-44b1-b38e-c831f77d552d;2020-03-03T14:47:00Z;170.18;170.33;170.66;170.14;37761;
99cfdf6a-8b64-44b1-b38e-c831f77d552d;2020-03-03T14:48:00Z;170.31;169.96;170.42;169.77;48002;
99cfdf6a-8b64-44b1-b38e-c831f77d552d;2020-03-03T14:49:00Z;169.95;169.98;170.29;169.79;46486;
99cfdf6a-8b64-44b1-b38e-c831f77d552d;2020-03-03T14:50:00Z;169.95;169.24;169.97;169.13;69060;
99cfdf6a-8b64-44b1-b38e-c831f77d552d;2020-03-03T14:51:00Z;169.24;168.67;169.31;168.62;73536;
99cfdf6a-8b64-44b1-b38e-c831f77d552d;2020-03-03T14:52:00Z;168.69;168.66;169.25;168.65;76188;
99cfdf6a-8b64-44b1-b38e-c831f77d552d;2020-03-03T14:53:00Z;168.67;168.44;168.79;168.41;43383;
99cfdf6a-8b64-44b1-b38e-c831f77d552d;2020-03-03T14:54:00Z;168.44;168.31;168.52;168.03;63504;
99cfdf6a-8b64-44b1-b38e-c831f77d552d;2020-03-03T14:55:00Z;168.34;168.37;168.65;168.26;52256;
99cfdf6a-8b64-44b1-b38e-c831f77d552d;2020-03-03T14:56:00Z;168.38;168.06;168.72;168;71690;
99cfdf6a-8b64-44b1-b38e-c831f77d552d;2020-03-03T14:57:00Z;168.06;168.45;168.75;168;41761;
99cfdf6a-8b64-44b1-b38e-c831f77d552d;2020-03-03T14:58:00Z;168.5;168.74;168.74;168.42;43558;
99cfdf6a-8b64-44b1-b38e-c831f77d552d;2020-03-03T14:59:00Z;168.74;168.82;169.06;168.7;65804;
99cfdf6a-8b64-44b1-b38e-c831f77d552d;2020-03-03T15:00:00Z;168.8;173.74;173.83;168.68;297375;
99cfdf6a-8b64-44b1-b38e-c831f77d552d;2020-03-03T15:01:00Z;173.7;173;175;172.5;188580;
99cfdf6a-8b64-44b1-b38e-c831f77d552d;2020-03-03T15:02:00Z;173.06;173.19;174.33;172.98;127708;
99cfdf6a-8b64-44b1-b38e-c831f77d552d;2020-03-03T15:03:00Z;173.19;173.31;174.07;172.98;90987;
99cfdf6a-8b64-44b1-b38e-c831f77d552d;2020-03-03T15:04:00Z;173.34;172.11;173.48;171.92;84288;
99cfdf6a-8b64-44b1-b38e-c831f77d552d;2020-03-03T15:05:00Z;172.13;172.6;173.32;172.01;81482;
99cfdf6a-8b64-44b1-b38e-c831f77d552d;2020-03-03T15:06:00Z;172.56;172.09;172.75;171.1;86028;
99cfdf6a-8b64-44b1-b38e-c831f77d552d;2020-03-03T15:07:00Z;172.06;171.03;172.09;171.03;42890;
99cfdf6a-8b64-44b1-b38e-c831f77d552d;2020-03-03T15:08:00Z;171.04;171.19;172.04;171.01;82838;
99cfdf6a-8b64-44b1-b38e-c831f77d552d;2020-03-03T15:09:00Z;171.26;171.55;171.89;171.08;64555;
99cfdf6a-8b64-44b1-b38e-c831f77d552d;2020-03-03T15:10:00Z;171.53;171.12;171.96;171.12;79304;
99cfdf6a-8b64-44b1-b38e-c831f77d552d;2020-03-03T15:11:00Z;171.2;170.96;171.21;170.81;82585;
99cfdf6a-8b64-44b1-b38e-c831f77d552d;2020-03-03T15:12:00Z;170.98;171;171.47;170.8;75439;
99cfdf6a-8b64-44b1-b38e-c831f77d552d;2020-03-03T15:13:00Z;170.99;170.28;171.54;170.17;66159;
99cfdf6a-8b64-44b1-b38e-c831f77d552d;2020-03-03T15:14:00Z;170.25;170.21;170.99;170.02;57456;
99cfdf6a-8b64-44b1-b38e-c831f77d552d;2020-03-03T15:15:00Z;170.18;169.88;170.25;169.7;143085;
99cfdf6a-8b64-44b1-b38e-c831f77d552d;2020-03-03T15:16:00Z;169.88;170.97;171.07;169.76;104765;
99cfdf6a-8b64-44b1-b38e-c831f77d552d;2020-03-03T15:17:00Z;170.99;170.36;170.99;170.19;52869;
99cfdf6a-8b64-44b1-b38e-c831f77d552d;2020-03-03T15:18:00Z;170.32;170.88;171.17;169.99;64133;
99cfdf6a-8b64-44b1-b38e-c831f77d552d;2020-03-03T15:19:00Z;170.84;170.57;171.04;170.23;50899;
99cfdf6a-8b64-44b1-b38e-c831f77d552d;2020-03-03T15:20:00Z;170.55;171.68;171.8;170.46;86496;
99cfdf6a-8b64-44b1-b38e-c831f77d552d;2020-03-03T15:21:00Z;171.7;172.03;172.18;171.05;84313;
99cfdf6a-8b64-44b1-b38e-c831f77d552d;2020-03-03T15:22:00Z;171.98;172.54;172.56;171.81;57115;
99cfdf6a-8b64-44b1-b38e-c831f77d552d;2020-03-03T15:23:00Z;172.42;171.98;172.54;171.72;44474;
99cfdf6a-8b64-44b1-b38e-c831f77d552d;2020-03-03T15:24:00Z;172;172.29;172.41;171.47;39440;
99cfdf6a-8b64-44b1-b38e-c831f77d552d;2020-03-03T15:25:00Z;172.23;171.7;172.3;171.48;49782;
99cfdf6a-8b64-44b1-b38e-c831f77d552d;2020-03-03T15:26:00Z;171.79;172.34;172.47;171.61;39122;
99cfdf6a-8b64-44b1-b38e-c831f77d552d;2020-03-03T15:27:00Z;172.4;172.34;172.58;172.15;31625;
99cfdf6a-8b64-44b1-b38e-c831f77d552d;2020-03-03T15:28:00Z;172.34;172.73;172.75;172.3;59840;
99cfdf6a-8b64-44b1-b38e-c831f77d552d;2020-03-03T15:29:00Z;172.74;172;172.78;171.73;73576;
99cfdf6a-8b64-44b1-b38e-c831f77d552d;2020-03-03T15:30:00Z;172;172.62;172.69;171.73;27312;
99cfdf6a-8b64-44b1-b38e-c831f77d552d;2020-03-03T15:31:00Z;172.57;172.14;172.64;171.94;35468;
99cfdf6a-8b64-44b1-b38e-c831f77d552d;2020-03-03T15:32:00Z;172.08;170.87;172.09;170.87;52138;
99cfdf6a-8b64-44b1-b38e-c831f77d552d;2020-03-03T15:33:00Z;170.88;171.4;171.83;170.87;46367;
99cfdf6a-8b64-44b1-b38e-c831f77d552d;2020-03-03T15:34:00Z;171.36;170.96;171.51;170.88;34193;
99cfdf6a-8b64-44b1-b38e-c831f77d552d;2020-03-03T15:35:00Z;170.88;171.35;171.41;170.85;23870;
99cfdf6a-8b64-44b1-b38e-c831f77d552d;2020-03-03T15:36:00Z;171.41;171.29;171.5;171.01;27280;
99cfdf6a-8b64-44b1-b38e-c831f77d552d;2020-03-03T15:37:00Z;171.28;171.93;172;171.02;60125;
99cfdf6a-8b64-44b1-b38e-c831f77d552d;2020-03-03T15:38:00Z;171.85;171.37;171.86;171.2;40757;
99cfdf6a-8b64-44b1-b38e-c831f77d552d;2020-03-03T15:39:00Z;171.39;171.27;171.62;171.14;40826;
99cfdf6a-8b64-44b1-b38e-c831f77d552d;2020-03-03T15:40:00Z;171.26;171.37;171.53;171;35105;
99cfdf6a-8b64-44b1-b38e-c831f77d552d;2020-03-03T15:41:00Z;171.38;172;172;171.38;47801;
99cfdf6a-8b64-44b1-b38e-c831f77d552d;2020-03-03T15:42:00Z;171.93;171.9;171.94;171.66;31303;
99cfdf6a-8b64-44b1-b38e-c831f77d552d;2020-03-03T15:43:00Z;171.9;172.17;172.22;171.87;53774;
99cfdf6a-8b64-44b1-b38e-c831f77d552d;2020-03-03T15:44:00Z;172.13;172.12;172.14;171.74;36634;
99cfdf6a-8b64-44b1-b38e-c831f77d552d;2020-03-03T15:45:00Z;172.1;172.04;172.27;172.01;27482;
99cfdf6a-8b64-44b1-b38e-c831f77d552d;2020-03-03T15:46:00Z;172.02;171.68;172.16;171.39;40475;
99cfdf6a-8b64-44b1-b38e-c831f77d552d;2020-03-03T15:47:00Z;171.69;171.34;171.86;171.08;32515;
99cfdf6a-8b64-44b1-b38e-c831f77d552d;2020-03-03T15:48:00Z;171.45;171.37;171.61;171.16;15435;
99cfdf6a-8b64-44b1-b38e-c831f77d552d;2020-03-03T15:49:00Z;171.41;171.17;171.44;170.8;35451;
99cfdf6a-8b64-44b1-b38e-c831f77d552d;2020-03-03T15:50:00Z;171.18;171.43;171.47;171.14;22622;
99cfdf6a-8b64-44b1-b38e-c831f77d552d;2020-03-03T15:51:00Z;171.39;170.7;171.44;170.68;31520;
99cfdf6a-8b64-44b1-b38e-c831f77d552d;2020-03-03T15:52:00Z;170.7;171.01;171.32;170.7;19946;
99cfdf6a-8b64-44b1-b38e-c831f77d552d;2020-03-03T15:53:00Z;171.01;170.99;171.05;170.7;15624;
99cfdf6a-8b64-44b1-b38e-c831f77d552d;2020-03-03T15:54:00Z;170.94;170.85;171.06;170.67;27402;
99cfdf6a-8b64-44b1-b38e-c831f77d552d;2020-03-03T15:55:00Z;170.82;171.04;171.07;170.74;29155;
99cfdf6a-8b64-44b1-b38e-c831f77d552d;2020-03-03T15:56:00Z;171.09;171.33;171.38;170.92;32810;
99cfdf6a-8b64-44b1-b38e-c831f77d552d;2020-03-03T15:57:00Z;171.38;171.17;171.62;171.17;30382;
99cfdf6a-8b64-44b1-b38e-c831f77d552d;2020-03-03T15:58:00Z;171.15;171.59;171.62;171.1;30616;
99cfdf6a-8b64-44b1-b38e-c831f77d552d;2020-03-03T15:59:00Z;171.55;171.72;171.78;171.44;23866;
99cfdf6a-8b64-44b1-b38e-c831f77d552d;2020-03-03T16:00:00Z;171.65;171.75;171.75;171.2;28644;
99cfdf6a-8b64-44b1-b38e-c831f77d552d;2020-03-03T16:01:00Z;171.74;171.56;171.9;171.48;31606;
99cfdf6a-8b64-44b1-b38e-c831f77d552d;2020-03-03T16:02:00Z;171.53;171.21;171.8;171.2;21849;
99cfdf6a-8b64-44b1-b38e-c831f77d552d;2020-03-03T16:03:00Z;171.25;171.17;171.32;170.89;19344;
99cfdf6a-8b64-44b1-b38e-c831f77d552d;2020-03-03T16:04:00Z;171.22;170.91;171.4;170.76;33454;
99cfdf6a-8b64-44b1-b38e-c831f77d552d;2020-03-03T16:05:00Z;170.99;170.45;170.99;170.34;24622;
99cfdf6a-8b64-44b1-b38e-c831f77d552d;2020-03-03T16:06:00Z;170.4;170.38;170.43;170.13;20907;
99cfdf6a-8b64-44b1-b38e-c831f77d552d;2020-03-03T16:07:00Z;170.38;170.36;170.84;170.21;32396;
99cfdf6a-8b64-44b1-b38e-c831f77d552d;2020-03-03T16:08:00Z;170.36;170.19;170.65;170.13;28565;
99cfdf6a-8b64-44b1-b38e-c831f77d552d;2020-03-03T16:09:00Z;170.21;170.25;170.36;170.06;16368;
99cfdf6a-8b64-44b1-b38e-c831f77d552d;2020-03-03T16:10:00Z;170.25;170.07;170.25;170;61317;
99cfdf6a-8b64-44b1-b38e-c831f77d552d;2020-03-03T16:11:00Z;170.08;170.07;170.12;169.92;65806;
99cfdf6a-8b64-44b1-b38e-c831f77d552d;2020-03-03T16:12:00Z;170.07;169.49;170.07;169.31;92022;
99cfdf6a-8b64-44b1-b38e-c831f77d552d;2020-03-03T16:13:00Z;169.47;169.58;169.89;169.31;37428;
99cfdf6a-8b64-44b1-b38e-c831f77d552d;2020-03-03T16:14:00Z;169.59;169.47;169.74;169.39;40096;
99cfdf6a-8b64-44b1-b38e-c831f77d552d;2020-03-03T16:15:00Z;169.47;170.27;170.38;169.47;32623;
99cfdf6a-8b64-44b1-b38e-c831f77d552d;2020-03-03T16:16:00Z;170.24;170.16;170.37;170;29285;
99cfdf6a-8b64-44b1-b38e-c831f77d552d;2020-03-03T16:17:00Z;170.12;169.75;170.29;169.75;32251;
99cfdf6a-8b64-44b1-b38e-c831f77d552d;2020-03-03T16:18:00Z;169.78;169.59;169.78;169.35;29693;
99cfdf6a-8b64-44b1-b38e-c831f77d552d;2020-03-03T16:19:00Z;169.55;168.98;169.67;168.94;56385;
99cfdf6a-8b64-44b1-b38e-c831f77d552d;2020-03-03T16:20:00Z;169;168.66;169.11;168.51;78023;
99cfdf6a-8b64-44b1-b38e-c831f77d552d;2020-03-03T16:21:00Z;168.69;168.8;169.11;168.59;24645;
99cfdf6a-8b64-44b1-b38e-c831f77d552d;2020-03-03T16:22:00Z;168.76;169.26;169.62;168.72;28571;
99cfdf6a-8b64-44b1-b38e-c831f77d552d;2020-03-03T16:23:00Z;169.24;168.5;169.24;168.44;64405;
99cfdf6a-8b64-44b1-b38e-c831f77d552d;2020-03-03T16:24:00Z;168.54;168.25;168.58;168.15;45068;
99cfdf6a-8b64-44b1-b38e-c831f77d552d;2020-03-03T16:25:00Z;168.21;167.61;168.32;167.61;103892;
99cfdf6a-8b64-44b1-b38e-c831f77d552d;2020-03-03T16:26:00Z;167.61;167.92;167.98;167.05;136729;
99cfdf6a-8b64-44b1-b38e-c831f77d552d;2020-03-03T16:27:00Z;167.8;168.26;168.26;167.48;42582;
99cfdf6a-8b64-44b1-b38e-c831f77d552d;2020-03-03T16:28:00Z;168.2;168.62;168.71;167.8;38336;
99cfdf6a-8b64-44b1-b38e-c831f77d552d;2020-03-03T16:29:00Z;168.63;167.57;168.63;167.56;49228;
99cfdf6a-8b64-44b1-b38e-c831f77d552d;2020-03-03T16:30:00Z;167.62;167.54;167.85;167.35;33801;
99cfdf6a-8b64-44b1-b38e-c831f77d552d;2020-03-03T16:31:00Z;167.63;168.26;168.66;167.63;22280;
99cfdf6a-8b64-44b1-b38e-c831f77d552d;2020-03-03T16:32:00Z;168.17;168.46;168.56;167.9;40825;
99cfdf6a-8b64-44b1-b38e-c831f77d552d;2020-03-03T16:33:00Z;168.4;168.72;168.72;168.11;18371;
99cfdf6a-8b64-44b1-b38e-c831f77d552d;2020-03-03T16:34:00Z;168.68;168.78;168.86;168.31;32256;
99cfdf6a-8b64-44b1-b38e-c831f77d552d;2020-03-03T16:35:00Z;168.8;168.56;169.26;168.5;41342;
99cfdf6a-8b64-44b1-b38e-c831f77d552d;2020-03-03T16:36:00Z;168.65;168.8;168.93;168.35;15414;
99cfdf6a-8b64-44b1-b38e-c831f77d552d;2020-03-03T16:37:00Z;168.71;168.96;169.12;168.67;16017;
99cfdf6a-8b64-44b1-b38e-c831f77d552d;2020-03-03T16:38:00Z;168.96;169.08;169.25;168.88;19194;
99cfdf6a-8b64-44b1-b38e-c831f77d552d;2020-03-03T16:39:00Z;169.05;169.21;169.28;168.76;22090;
99cfdf6a-8b64-44b1-b38e-c831f77d552d;2020-03-03T16:40:00Z;169.2;169.32;169.6;168.82;34761;
99cfdf6a-8b64-44b1-b38e-c831f77d552d;2020-03-03T16:41:00Z;169.31;168.91;169.48;168.91;18536;
99cfdf6a-8b64-44b1-b38e-c831f77d552d;2020-03-03T16:42:00Z;168.91;168.67;169.06;168.67;22906;
99cfdf6a-8b64-44b1-b38e-c831f77d552d;2020-03-03T16:43:00Z;168.69;168.65;168.72;168.45;19318;
99cfdf6a-8b64-44b1-b38e-c831f77d552d;2020-03-03T16:44:00Z;168.65;168.9;168.91;168.51;22016;
99cfdf6a-8b64-44b1-b38e-c831f77d552d;2020-03-03T16:45:00Z;168.87;168.4;169.04;168.32;25973;
99cfdf6a-8b64-44b1-b38e-c831f77d552d;2020-03-03T16:46:00Z;168.39;168.63;168.86;168.31;11333;
99cfdf6a-8b64-44b1-b38e-c831f77d552d;2020-03-03T16:47:00Z;168.7;168.53;168.9;168.3;21690;
99cfdf6a-8b64-44b1-b38e-c831f77d552d;2020-03-03T16:48:00Z;168.58;168.24;168.67;168.24;16551;
99cfdf6a-8b64-44b1-b38e-c831f77d552d;2020-03-03T16:49:00Z;168.25;168.45;168.47;168.2;14563;
99cfdf6a-8b64-44b1-b38e-c831f77d552d;2020-03-03T16:50:00Z;168.45;168.64;168.94;168.35;18292;
99cfdf6a-8b64-44b1-b38e-c831f77d552d;2020-03-03T16:51:00Z;168.69;168.74;168.74;168.34;14649;
99cfdf6a-8b64-44b1-b38e-c831f77d552d;2020-03-03T16:52:00Z;168.75;168.79;169.17;168.65;26003;
99cfdf6a-8b64-44b1-b38e-c831f77d552d;2020-03-03T16:53:00Z;168.87;169.36;169.37;168.81;20596;
99cfdf6a-8b64-44b1-b38e-c831f77d552d;2020-03-03T16:54:00Z;169.33;169.36;169.91;169.29;38342;
99cfdf6a-8b64-44b1-b38e-c831f77d552d;2020-03-03T16:55:00Z;169.39;169.4;169.45;169.13;16788;
99cfdf6a-8b64-44b1-b38e-c831f77d552d;2020-03-03T16:56:00Z;169.4;169.52;169.75;169.4;18681;
99cfdf6a-8b64-44b1-b38e-c831f77d552d;2020-03-03T16:57:00Z;169.51;169.75;169.75;169.34;20286;
99cfdf6a-8b64-44b1-b38e-c831f77d552d;2020-03-03T16:58:00Z;169.72;169.93;169.98;169.64;21089;
99cfdf6a-8b64-44b1-b38e-c831f77d552d;2020-03-03T16:59:00Z;169.97;169.93;170;169.73;15680;
99cfdf6a-8b64-44b1-b38e-c831f77d552d;2020-03-03T17:00:00Z;169.87;169.86;169.89;169.54;23067;
99cfdf6a-8b64-44b1-b38e-c831f77d552d;2020-03-03T17:01:00Z;169.87;169.63;169.87;169.51;17681;
99cfdf6a-8b64-44b1-b38e-c831f77d552d;2020-03-03T17:02:00Z;169.61;169.62;169.92;169.5;33417;
99cfdf6a-8b64-44b1-b38e-c831f77d552d;2020-03-03T17:03:00Z;169.62;169.65;169.79;169.52;16190;
99cfdf6a-8b64-44b1-b38e-c831f77d552d;2020-03-03T17:04:00Z;169.67;169.92;169.92;169.52;22922;
99cfdf6a-8b64-44b1-b38e-c831f77d552d;2020-03-03T17:05:00Z;169.91;170.13;170.25;169.91;34168;
99cfdf6a-8b64-44b1-b38e-c831f77d552d;2020-03-03T17:06:00Z;170.13;169.96;170.3;169.91;30196;
99cfdf6a-8b64-44b1-b38e-c831f77d552d;2020-03-03T17:07:00Z;169.96;170.13;170.18;169.8;14899;
99cfdf6a-8b64-44b1-b38e-c831f77d552d;2020-03-03T17:08:00Z;170.13;170.32;170.38;170.11;20401;
99cfdf6a-8b64-44b1-b38e-c831f77d552d;2020-03-03T17:09:00Z;170.32;170.32;170.47;170.16;25467;
99cfdf6a-8b64-44b1-b38e-c831f77d552d;2020-03-03T17:10:00Z;170.35;170.26;170.45;170.14;17888;
99cfdf6a-8b64-44b1-b38e-c831f77d552d;2020-03-03T17:11:00Z;170.27;170.24;170.46;170.05;25162;
99cfdf6a-8b64-44b1-b38e-c831f77d552d;2020-03-03T17:12:00Z;170.23;170.01;170.37;169.99;26835;
99cfdf6a-8b64-44b1-b38e-c831f77d552d;2020-03-03T17:13:00Z;170.03;169.67;170.03;169.64;19120;
99cfdf6a-8b64-44b1-b38e-c831f77d552d;2020-03-03T17:14:00Z;169.69;169.35;169.71;169.34;19994;
99cfdf6a-8b64-44b1-b38e-c831f77d552d;2020-03-03T17:15:00Z;169.4;169.34;169.45;169.16;23563;
99cfdf6a-8b64-44b1-b38e-c831f77d552d;2020-03-03T17:16:00Z;169.3;169.13;169.44;169.13;16333;
99cfdf6a-8b64-44b1-b38e-c831f77d552d;2020-03-03T17:17:00Z;169.11;169.14;169.3;169.09;21374;
99cfdf6a-8b64-44b1-b38e-c831f77d552d;2020-03-03T17:18:00Z;169.11;169.25;169.37;168.96;27362;
99cfdf6a-8b64-44b1-b38e-c831f77d552d;2020-03-03T17:19:00Z;169.2;169.04;169.3;169.04;19006;
99cfdf6a-8b64-44b1-b38e-c831f77d552d;2020-03-03T17:20:00Z;169.06;168.93;169.07;168.83;15333;
99cfdf6a-8b64-44b1-b38e-c831f77d552d;2020-03-03T17:21:00Z;168.91;168.87;169.23;168.76;22632;
99cfdf6a-8b64-44b1-b38e-c831f77d552d;2020-03-03T17:22:00Z;168.9;168.98;169.12;168.9;20731;
99cfdf6a-8b64-44b1-b38e-c831f77d552d;2020-03-03T17:23:00Z;169;168.95;169.06;168.72;9305;
99cfdf6a-8b64-44b1-b38e-c831f77d552d;2020-03-03T17:24:00Z;168.96;169.03;169.11;168.58;15265;
99cfdf6a-8b64-44b1-b38e-c831f77d552d;2020-03-03T17:25:00Z;169.03;168.74;169.12;168.68;16546;
99cfdf6a-8b64-44b1-b38e-c831f77d552d;2020-03-03T17:26:00Z;168.78;168.29;168.78;168.19;19161;
99cfdf6a-8b64-44b1-b38e-c831f77d552d;2020-03-03T17:27:00Z;168.23;168.32;168.46;168.07;14310;
99cfdf6a-8b64-44b1-b38e-c831f77d552d;2020-03-03T17:28:00Z;168.31;168.16;168.34;168.02;12343;
99cfdf6a-8b64-44b1-b38e-c831f77d552d;2020-03-03T17:29:00Z;168.22;168.14;168.42;168.09;13784;
99cfdf6a-8b64-44b1-b38e-c831f77d552d;2020-03-03T17:30:00Z;168.14;168;168.3;168;28074;
99cfdf6a-8b64-44b1-b38e-c831f77d552d;2020-03-03T17:31:00Z;168.01;167.99;168.25;167.86;44410;
99cfdf6a-8b64-44b1-b38e-c831f77d552d;2020-03-03T17:32:00Z;168;167.94;168;167.61;21442;
99cfdf6a-8b64-44b1-b38e-c831f77d552d;2020-03-03T17:33:00Z;167.99;168.08;168.14;167.92;23115;
99cfdf6a-8b64-44b1-b38e-c831f77d552d;2020-03-03T17:34:00Z;168.05;167.76;168.06;167.7;14725;
99cfdf6a-8b64-44b1-b38e-c831f77d552d;2020-03-03T17:35:00Z;167.78;167.8;167.89;167.71;14700;
99cfdf6a-8b64-44b1-b38e-c831f77d552d;2020-03-03T17:36:00Z;167.86;167.88;168.04;167.7;13669;
99cfdf6a-8b64-44b1-b38e-c831f77d552d;2020-03-03T17:37:00Z;167.89;167.94;168.11;167.89;16461;
99cfdf6a-8b64-44b1-b38e-c831f77d552d;2020-03-03T17:38:00Z;167.95;167.83;168.07;167.75;10928;
99cfdf6a-8b64-44b1-b38e-c831f77d552d;2020-03-03T17:39:00Z;167.83;168.21;168.34;167.82;23875;
99cfdf6a-8b64-44b1-b38e-c831f77d552d;2020-03-03T17:40:00Z;168.22;168.44;168.47;168.06;12063;
99cfdf6a-8b64-44b1-b38e-c831f77d552d;2020-03-03T17:41:00Z;168.41;168.24;168.43;168.08;12157;
99cfdf6a-8b64-44b1-b38e-c831f77d552d;2020-03-03T17:42:00Z;168.21;167.92;168.21;167.85;13433;
99cfdf6a-8b64-44b1-b38e-c831f77d552d;2020-03-03T17:43:00Z;167.91;167.96;168.09;167.87;18704;
99cfdf6a-8b64-44b1-b38e-c831f77d552d;2020-03-03T17:44:00Z;167.93;167.69;167.96;167.64;11681;
99cfdf6a-8b64-44b1-b38e-c831f77d552d;2020-03-03T17:45:00Z;167.71;168.57;168.58;167.69;14688;
99cfdf6a-8b64-44b1-b38e-c831f77d552d;2020-03-03T17:46:00Z;168.58;168.72;168.73;168.41;11398;
99cfdf6a-8b64-44b1-b38e-c831f77d552d;2020-03-03T17:47:00Z;168.69;168.83;168.84;168.52;9075;
99cfdf6a-8b64-44b1-b38e-c831f77d552d;2020-03-03T17:48:00Z;168.83;168.88;169.03;168.83;14707;
99cfdf6a-8b64-44b1-b38e-c831f77d552d;2020-03-03T17:49:00Z;168.85;168.6;169.06;168.52;18985;
99cfdf6a-8b64-44b1-b38e-c831f77d552d;2020-03-03T17:50:00Z;168.63;168.49;168.65;168.36;11118;
99cfdf6a-8b64-44b1-b38e-c831f77d552d;2020-03-03T17:51:00Z;168.53;168.28;168.62;168.28;15397;
99cfdf6a-8b64-44b1-b38e-c831f77d552d;2020-03-03T17:52:00Z;168.3;168.19;168.34;168.1;23189;
99cfdf6a-8b64-44b1-b38e-c831f77d552d;2020-03-03T17:53:00Z;168.2;168.29;168.39;168.11;9596;
99cfdf6a-8b64-44b1-b38e-c831f77d552d;2020-03-03T17:54:00Z;168.27;167.83;168.29;167.83;23003;
99cfdf6a-8b64-44b1-b38e-c831f77d552d;2020-03-03T17:55:00Z;167.83;167.91;168.05;167.76;11889;
99cfdf6a-8b64-44b1-b38e-c831f77d552d;2020-03-03T17:56:00Z;167.81;167.54;167.84;167.5;33858;
99cfdf6a-8b64-44b1-b38e-c831f77d552d;2020-03-03T17:57:00Z;167.61;167.86;168;167.59;10060;
99cfdf6a-8b64-44b1-b38e-c831f77d552d;2020-03-03T17:58:00Z;167.88;168.26;168.3;167.88;10829;
99cfdf6a-8b64-44b1-b38e-c831f77d552d;2020-03-03T17:59:00Z;168.29;168.08;168.41;168.05;10376;
99cfdf6a-8b64-44b1-b38e-c831f77d552d;2020-03-03T18:00:00Z;168.07;167.48;168.07;167.48;15424;
99cfdf6a-8b64-44b1-b38e-c831f77d552d;2020-03-03T18:01:00Z;167.53;167.72;167.72;167.41;14016;
99cfdf6a-8b64-44b1-b38e-c831f77d552d;2020-03-03T18:02:00Z;167.65;167.71;167.85;167.52;8098;
99cfdf6a-8b64-44b1-b38e-c831f77d552d;2020-03-03T18:03:00Z;167.66;167.49;167.86;167.4;19831;
99cfdf6a-8b64-44b1-b38e-c831f77d552d;2020-03-03T18:04:00Z;167.47;167.51;167.52;167.32;10338;
99cfdf6a-8b64-44b1-b38e-c831f77d552d;2020-03-03T18:05:00Z;167.55;167.34;167.58;167.23;11551;
99cfdf6a-8b64-44b1-b38e-c831f77d552d;2020-03-03T18:06:00Z;167.38;167.47;167.65;167.32;13583;
99cfdf6a-8b64-44b1-b38e-c831f77d552d;2020-03-03T18:07:00Z;167.52;167.27;167.65;167.14;10764;
99cfdf6a-8b64-44b1-b38e-c831f77d552d;2020-03-03T18:08:00Z;167.27;167.07;167.42;167;49583;
99cfdf6a-8b64-44b1-b38e-c831f77d552d;2020-03-03T18:09:00Z;167.14;167.12;167.49;167;18657;
99cfdf6a-8b64-44b1-b38e-c831f77d552d;2020-03-03T18:10:00Z;167.13;166.94;167.43;166.91;36163;
99cfdf6a-8b64-44b1-b38e-c831f77d552d;2020-03-03T18:11:00Z;166.92;166.95;167.09;166.67;32033;
99cfdf6a-8b64-44b1-b38e-c831f77d552d;2020-03-03T18:12:00Z;166.94;166.71;167.06;166.67;21320;
99cfdf6a-8b64-44b1-b38e-c831f77d552d;2020-03-03T18:13:00Z;166.71;166.41;166.71;166.31;26505;
99cfdf6a-8b64-44b1-b38e-c831f77d552d;2020-03-03T18:14:00Z;166.41;166.49;166.55;166.09;26777;
99cfdf6a-8b64-44b1-b38e-c831f77d552d;2020-03-03T18:15:00Z;166.49;166.86;167.05;166.49;15802;
99cfdf6a-8b64-44b1-b38e-c831f77d552d;2020-03-03T18:16:00Z;166.82;166.67;166.89;166.6;10464;
99cfdf6a-8b64-44b1-b38e-c831f77d552d;2020-03-03T18:17:00Z;166.61;166.56;166.91;166.56;13870;
99cfdf6a-8b64-44b1-b38e-c831f77d552d;2020-03-03T18:18:00Z;166.57;166.63;166.69;166.44;13318;
99cfdf6a-8b64-44b1-b38e-c831f77d552d;2020-03-03T18:19:00Z;166.6;166.05;166.62;166.01;29041;
99cfdf6a-8b64-44b1-b38e-c831f77d552d;2020-03-03T18:20:00Z;166.18;166.34;166.56;166.16;13926;
99cfdf6a-8b64-44b1-b38e-c831f77d552d;2020-03-03T18:21:00Z;166.33;165.79;166.33;165.75;65638;
99cfdf6a-8b64-44b1-b38e-c831f77d552d;2020-03-03T18:22:00Z;165.78;165.93;166.2;165.75;18930;
99cfdf6a-8b64-44b1-b38e-c831f77d552d;2020-03-03T18:23:00Z;165.91;165.57;165.91;165.57;32277;
99cfdf6a-8b64-44b1-b38e-c831f77d552d;2020-03-03T18:24:00Z;165.59;165.78;165.86;165.28;29602;
99cfdf6a-8b64-44b1-b38e-c831f77d552d;2020-03-03T18:25:00Z;165.81;165.62;165.97;165.59;11446;
99cfdf6a-8b64-44b1-b38e-c831f77d552d;2020-03-03T18:26:00Z;165.58;165.01;165.61;164.88;113496;
99cfdf6a-8b64-44b1-b38e-c831f77d552d;2020-03-03T18:27:00Z;165.02;164.8;165.04;164.65;22836;
99cfdf6a-8b64-44b1-b38e-c831f77d552d;2020-03-03T18:28:00Z;164.82;165.36;165.39;164.82;21909;
99cfdf6a-8b64-44b1-b38e-c831f77d552d;2020-03-03T18:29:00Z;165.32;165.75;165.75;165.22;22122;
99cfdf6a-8b64-44b1-b38e-c831f77d552d;2020-03-03T18:30:00Z;165.7;165.51;165.7;165.29;15481;
99cfdf6a-8b64-44b1-b38e-c831f77d552d;2020-03-03T18:31:00Z;165.51;165.62;165.8;165.42;12985;
99cfdf6a-8b64-44b1-b38e-c831f77d552d;2020-03-03T18:32:00Z;165.61;165.37;165.62;165.27;15197;
99cfdf6a-8b64-44b1-b38e-c831f77d552d;2020-03-03T18:33:00Z;165.37;166.12;166.18;165.26;16846;
99cfdf6a-8b64-44b1-b38e-c831f77d552d;2020-03-03T18:34:00Z;166.16;166.28;166.41;165.97;21345;
99cfdf6a-8b64-44b1-b38e-c831f77d552d;2020-03-03T18:35:00Z;166.28;166.23;166.33;166.02;17520;
99cfdf6a-8b64-44b1-b38e-c831f77d552d;2020-03-03T18:36:00Z;166.24;165.96;166.3;165.91;22373;
99cfdf6a-8b64-44b1-b38e-c831f77d552d;2020-03-03T18:37:00Z;165.97;165.82;166.07;165.6;24298;
99cfdf6a-8b64-44b1-b38e-c831f77d552d;2020-03-03T18:38:00Z;165.84;166.25;166.39;165.76;26402;
99cfdf6a-8b64-44b1-b38e-c831f77d552d;2020-03-03T18:39:00Z;166.25;166.38;166.47;166.19;25268;
99cfdf6a-8b64-44b1-b38e-c831f77d552d;2020-03-03T18:40:00Z;166.37;166.01;166.41;165.9;27863;
99cfdf6a-8b64-44b1-b38e-c831f77d552d;2020-03-03T18:41:00Z;166.02;165.69;166.14;165.57;34557;
99cfdf6a-8b64-44b1-b38e-c831f77d552d;2020-03-03T18:42:00Z;165.68;165.36;165.78;165.33;17199;
99cfdf6a-8b64-44b1-b38e-c831f77d552d;2020-03-03T18:43:00Z;165.34;164.9;165.54;164.9;40690;
99cfdf6a-8b64-44b1-b38e-c831f77d552d;2020-03-03T18:44:00Z;164.9;164.62;165.02;164.62;22224;
99cfdf6a-8b64-44b1-b38e-c831f77d552d;2020-03-03T18:45:00Z;164.67;164.9;164.97;164.57;36227;
99cfdf6a-8b64-44b1-b38e-c831f77d552d;2020-03-03T18:46:00Z;164.88;165.04;165.22;164.84;28549;
99cfdf6a-8b64-44b1-b38e-c831f77d552d;2020-03-03T18:47:00Z;165.06;164.58;165.06;164.55;22144;
99cfdf6a-8b64-44b1-b38e-c831f77d552d;2020-03-03T18:48:00Z;164.59;164.4;164.83;164.3;39637;
99cfdf6a-8b64-44b1-b38e-c831f77d552d;2020-03-03T18:49:00Z;164.38;164.47;164.72;164.29;39735;
99cfdf6a-8b64-44b1-b38e-c831f77d552d;2020-03-03T18:50:00Z;164.51;165.04;165.05;164.48;27395;
99cfdf6a-8b64-44b1-b38e-c831f77d552d;2020-03-03T18:51:00Z;165;165;165.12;164.83;18264;
99cfdf6a-8b64-44b1-b38e-c831f77d552d;2020-03-03T18:52:00Z;165.03;164.59;165.03;164.52;30188;
99cfdf6a-8b64-44b1-b38e-c831f77d552d;2020-03-03T18:53:00Z;164.56;164.63;164.86;164.51;18199;
99cfdf6a-8b64-44b1-b38e-c831f77d552d;2020-03-03T18:54:00Z;164.66;164.61;164.84;164.45;27807;
99cfdf6a-8b64-44b1-b38e-c831f77d552d;2020-03-03T18:55:00Z;164.67;164.45;164.68;164.35;14119;
99cfdf6a-8b64-44b1-b38e-c831f77d552d;2020-03-03T18:56:00Z;164.45;164.29;164.5;164.25;19684;
99cfdf6a-8b64-44b1-b38e-c831f77d552d;2020-03-03T18:57:00Z;164.28;164.4;164.58;164.23;19296;
99cfdf6a-8b64-44b1-b38e-c831f77d552d;2020-03-03T18:58:00Z;164.43;164.51;164.61;164.31;48696;
99cfdf6a-8b64-44b1-b38e-c831f77d552d;2020-03-03T18:59:00Z;164.45;164.08;164.46;164;43079;
99cfdf6a-8b64-44b1-b38e-c831f77d552d;2020-03-03T19:00:00Z;164.08;164;164.55;163.93;44698;
99cfdf6a-8b64-44b1-b38e-c831f77d552d;2020-03-03T19:01:00Z;163.99;164.31;164.44;163.97;21783;
99cfdf6a-8b64-44b1-b38e-c831f77d552d;2020-03-03T19:02:00Z;164.3;164.19;164.36;164.03;24106;
99cfdf6a-8b64-44b1-b38e-c831f77d552d;2020-03-03T19:03:00Z;164.18;163.84;164.27;163.78;34643;
99cfdf6a-8b64-44b1-b38e-c831f77d552d;2020-03-03T19:04:00Z;163.81;163.44;163.9;163.25;45945;
99cfdf6a-8b64-44b1-b38e-c831f77d552d;2020-03-03T19:05:00Z;163.44;163.12;163.49;163.12;30556;
99cfdf6a-8b64-44b1-b38e-c831f77d552d;2020-03-03T19:06:00Z;163.11;162.48;163.17;162.26;94127;
99cfdf6a-8b64-44b1-b38e-c831f77d552d;2020-03-03T19:07:00Z;162.47;162.79;162.92;162.47;47082;
99cfdf6a-8b64-44b1-b38e-c831f77d552d;2020-03-03T19:08:00Z;162.79;162.77;163;162.75;22446;
99cfdf6a-8b64-44b1-b38e-c831f77d552d;2020-03-03T19:09:00Z;162.78;162.43;162.82;162.41;55185;
99cfdf6a-8b64-44b1-b38e-c831f77d552d;2020-03-03T19:10:00Z;162.46;162.58;162.76;162.4;44173;
99cfdf6a-8b64-44b1-b38e-c831f77d552d;2020-03-03T19:11:00Z;162.61;163.32;163.45;162.57;50565;
99cfdf6a-8b64-44b1-b38e-c831f77d552d;2020-03-03T19:12:00Z;163.32;162.95;163.5;162.95;41110;
99cfdf6a-8b64-44b1-b38e-c831f77d552d;2020-03-03T19:13:00Z;162.99;164.1;164.11;162.94;48854;
99cfdf6a-8b64-44b1-b38e-c831f77d552d;2020-03-03T19:14:00Z;164.07;164.36;164.38;163.73;32420;
99cfdf6a-8b64-44b1-b38e-c831f77d552d;2020-03-03T19:15:00Z;164.36;164.16;164.48;163.75;32111;
99cfdf6a-8b64-44b1-b38e-c831f77d552d;2020-03-03T19:16:00Z;164.11;163.66;164.17;163.64;28219;
99cfdf6a-8b64-44b1-b38e-c831f77d552d;2020-03-03T19:17:00Z;163.7;163.49;163.85;163.49;22590;
99cfdf6a-8b64-44b1-b38e-c831f77d552d;2020-03-03T19:18:00Z;163.49;163.48;163.63;163.28;26116;
99cfdf6a-8b64-44b1-b38e-c831f77d552d;2020-03-03T19:19:00Z;163.4;163.47;163.71;163.3;17069;
99cfdf6a-8b64-44b1-b38e-c831f77d552d;2020-03-03T19:20:00Z;163.43;163.43;163.58;163.16;37769;
99cfdf6a-8b64-44b1-b38e-c831f77d552d;2020-03-03T19:21:00Z;163.43;163.77;164.14;163.43;34487;
99cfdf6a-8b64-44b1-b38e-c831f77d552d;2020-03-03T19:22:00Z;163.75;163.84;164;163.6;33420;
99cfdf6a-8b64-44b1-b38e-c831f77d552d;2020-03-03T19:23:00Z;163.96;163.4;163.96;163.35;29866;
99cfdf6a-8b64-44b1-b38e-c831f77d552d;2020-03-03T19:24:00Z;163.37;163.2;163.52;163.04;21787;
99cfdf6a-8b64-44b1-b38e-c831f77d552d;2020-03-03T19:25:00Z;163.22;163.4;163.62;163.1;28171;
99cfdf6a-8b64-44b1-b38e-c831f77d552d;2020-03-03T19:26:00Z;163.38;163.5;163.67;163.2;30494;
99cfdf6a-8b64-44b1-b38e-c831f77d552d;2020-03-03T19:27:00Z;163.52;164.2;164.4;163.29;48762;
99cfdf6a-8b64-44b1-b38e-c831f77d552d;2020-03-03T19:28:00Z;164.3;164.38;164.55;164;54905;
99cfdf6a-8b64-44b1-b38e-c831f77d552d;2020-03-03T19:29:00Z;164.43;164.66;164.82;164.41;34020;
99cfdf6a-8b64-44b1-b38e-c831f77d552d;2020-03-03T19:30:00Z;164.64;164.7;164.9;164.35;28833;
99cfdf6a-8b64-44b1-b38e-c831f77d552d;2020-03-03T19:31:00Z;164.71;165.11;165.18;164.53;31826;
99cfdf6a-8b64-44b1-b38e-c831f77d552d;2020-03-03T19:32:00Z;165.17;165.31;165.45;165.13;26734;
99cfdf6a-8b64-44b1-b38e-c831f77d552d;2020-03-03T19:33:00Z;165.31;165;165.36;164.79;34824;
99cfdf6a-8b64-44b1-b38e-c831f77d552d;2020-03-03T19:34:00Z;165.04;165.12;165.25;164.87;23404;
99cfdf6a-8b64-44b1-b38e-c831f77d552d;2020-03-03T19:35:00Z;165.14;164.65;165.2;164.4;34674;
99cfdf6a-8b64-44b1-b38e-c831f77d552d;2020-03-03T19:36:00Z;164.65;165.04;165.06;164.65;22243;
99cfdf6a-8b64-44b1-b38e-c831f77d552d;2020-03-03T19:37:00Z;165.08;165.03;165.35;165.02;25181;
99cfdf6a-8b64-44b1-b38e-c831f77d552d;2020-03-03T19:38:00Z;165.06;164.66;165.19;164.66;21397;
99cfdf6a-8b64-44b1-b38e-c831f77d552d;2020-03-03T19:39:00Z;164.62;164.21;164.75;164.17;25245;
99cfdf6a-8b64-44b1-b38e-c831f77d552d;2020-03-03T19:40:00Z;164.21;164.02;164.24;163.88;26601;
99cfdf6a-8b64-44b1-b38e-c831f77d552d;2020-03-03T19:41:00Z;164;163.92;164.15;163.8;24231;
99cfdf6a-8b64-44b1-b38e-c831f77d552d;2020-03-03T19:42:00Z;163.98;163.79;164.12;163.69;18290;
99cfdf6a-8b64-44b1-b38e-c831f77d552d;2020-03-03T19:43:00Z;163.79;164.17;164.38;163.65;27773;
99cfdf6a-8b64-44b1-b38e-c831f77d552d;2020-03-03T19:44:00Z;164.23;163.66;164.34;163.66;16905;
99cfdf6a-8b64-44b1-b38e-c831f77d552d;2020-03-03T19:45:00Z;163.67;164.27;164.36;163.67;19280;
99cfdf6a-8b64-44b1-b38e-c831f77d552d;2020-03-03T19:46:00Z;164.26;164.93;164.98;164.26;28684;
99cfdf6a-8b64-44b1-b38e-c831f77d552d;2020-03-03T19:47:00Z;164.9;165.28;165.28;164.56;22166;
99cfdf6a-8b64-44b1-b38e-c831f77d552d;2020-03-03T19:48:00Z;165.22;164.99;165.22;164.8;19199;
99cfdf6a-8b64-44b1-b38e-c831f77d552d;2020-03-03T19:49:00Z;164.99;165.4;165.42;164.98;30661;
99cfdf6a-8b64-44b1-b38e-c831f77d552d;2020-03-03T19:50:00Z;165.38;165.02;165.38;164.92;19677;
99cfdf6a-8b64-44b1-b38e-c831f77d552d;2020-03-03T19:51:00Z;164.98;164.5;165.15;164.5;31230;
99cfdf6a-8b64-44b1-b38e-c831f77d552d;2020-03-03T19:52:00Z;164.46;164.68;164.84;164.46;58759;
99cfdf6a-8b64-44b1-b38e-c831f77d552d;2020-03-03T19:53:00Z;164.64;164.83;165.11;164.55;22578;
99cfdf6a-8b64-44b1-b38e-c831f77d552d;2020-03-03T19:54:00Z;164.89;165.08;165.15;164.6;40753;
99cfdf6a-8b64-44b1-b38e-c831f77d552d;2020-03-03T19:55:00Z;165.12;165.1;165.2;164.92;39540;
99cfdf6a-8b64-44b1-b38e-c831f77d552d;2020-03-03T19:56:00Z;165.11;165;165.17;164.65;38914;
99cfdf6a-8b64-44b1-b38e-c831f77d552d;2020-03-03T19:57:00Z;165;164.89;165.02;164.67;18762;
99cfdf6a-8b64-44b1-b38e-c831f77d552d;2020-03-03T19:58:00Z;164.89;164.69;165.06;164.61;31239;
99cfdf6a-8b64-44b1-b38e-c831f77d552d;2020-03-03T19:59:00Z;164.7;164.78;164.86;164.6;23020;
99cfdf6a-8b64-44b1-b38e-c831f77d552d;2020-03-03T20:00:00Z;164.85;165.12;165.2;164.58;35178;
99cfdf6a-8b64-44b1-b38e-c831f77d552d;2020-03-03T20:01:00Z;165.12;165.21;165.7;165.05;38132;
99cfdf6a-8b64-44b1-b38e-c831f77d552d;2020-03-03T20:02:00Z;165.24;165.35;165.4;165.04;18004;
99cfdf6a-8b64-44b1-b38e-c831f77d552d;2020-03-03T20:03:00Z;165.34;165.76;165.87;165.2;34224;
99cfdf6a-8b64-44b1-b38e-c831f77d552d;2020-03-03T20:04:00Z;165.76;166.09;166.09;165.7;40678;
99cfdf6a-8b64-44b1-b38e-c831f77d552d;2020-03-03T20:05:00Z;166.1;165.98;166.14;165.73;33183;
99cfdf6a-8b64-44b1-b38e-c831f77d552d;2020-03-03T20:06:00Z;165.97;165.73;166.06;165.7;22736;
99cfdf6a-8b64-44b1-b38e-c831f77d552d;2020-03-03T20:07:00Z;165.75;165.46;165.75;165.42;41017;
99cfdf6a-8b64-44b1-b38e-c831f77d552d;2020-03-03T20:08:00Z;165.5;165.22;165.55;165.06;22333;
99cfdf6a-8b64-44b1-b38e-c831f77d552d;2020-03-03T20:09:00Z;165.23;165.47;165.74;165.05;22874;
99cfdf6a-8b64-44b1-b38e-c831f77d552d;2020-03-03T20:10:00Z;165.5;165.6;165.69;165.23;31314;
99cfdf6a-8b64-44b1-b38e-c831f77d552d;2020-03-03T20:11:00Z;165.58;166.13;166.18;165.5;37602;
99cfdf6a-8b64-44b1-b38e-c831f77d552d;2020-03-03T20:12:00Z;166.14;166.4;166.5;165.99;54282;
99cfdf6a-8b64-44b1-b38e-c831f77d552d;2020-03-03T20:13:00Z;166.4;166.62;166.63;166.1;21687;
99cfdf6a-8b64-44b1-b38e-c831f77d552d;2020-03-03T20:14:00Z;166.6;166.55;166.78;166.4;23919;
99cfdf6a-8b64-44b1-b38e-c831f77d552d;2020-03-03T20:15:00Z;166.56;166.52;166.63;166.3;26797;
99cfdf6a-8b64-44b1-b38e-c831f77d552d;2020-03-03T20:16:00Z;166.58;166.18;166.6;166.18;27882;
99cfdf6a-8b64-44b1-b38e-c831f77d552d;2020-03-03T20:17:00Z;166.18;166.87;166.87;166.15;26555;
99cfdf6a-8b64-44b1-b38e-c831f77d552d;2020-03-03T20:18:00Z;166.87;167.2;167.28;166.76;51736;
99cfdf6a-8b64-44b1-b38e-c831f77d552d;2020-03-03T20:19:00Z;167.25;166.96;167.34;166.93;36407;
99cfdf6a-8b64-44b1-b38e-c831f77d552d;2020-03-03T20:20:00Z;167;166.44;167.08;166.31;27193;
99cfdf6a-8b64-44b1-b38e-c831f77d552d;2020-03-03T20:21:00Z;166.4;166.32;166.5;166.15;24136;
99cfdf6a-8b64-44b1-b38e-c831f77d552d;2020-03-03T20:22:00Z;166.32;166.06;166.41;165.94;22190;
99cfdf6a-8b64-44b1-b38e-c831f77d552d;2020-03-03T20:23:00Z;166.07;165.34;166.23;165.19;42699;
99cfdf6a-8b64-44b1-b38e-c831f77d552d;2020-03-03T20:24:00Z;165.34;165.12;165.61;165.1;28525;
99cfdf6a-8b64-44b1-b38e-c831f77d552d;2020-03-03T20:25:00Z;165.16;165.58;165.74;165.03;28212;
99cfdf6a-8b64-44b1-b38e-c831f77d552d;2020-03-03T20:26:00Z;165.66;165.99;166.01;165.55;28432;
99cfdf6a-8b64-44b1-b38e-c831f77d552d;2020-03-03T20:27:00Z;166.09;166.69;166.85;166.01;32610;
99cfdf6a-8b64-44b1-b38e-c831f77d552d;2020-03-03T20:28:00Z;166.82;167.08;167.12;166.63;34710;
99cfdf6a-8b64-44b1-b38e-c831f77d552d;2020-03-03T20:29:00Z;167.05;166.94;167.09;166.55;29955;
99cfdf6a-8b64-44b1-b38e-c831f77d552d;2020-03-03T20:30:00Z;166.94;166.53;166.94;166.5;34398;
99cfdf6a-8b64-44b1-b38e-c831f77d552d;2020-03-03T20:31:00Z;166.49;166.12;166.65;166.1;48642;
99cfdf6a-8b64-44b1-b38e-c831f77d552d;2020-03-03T20:32:00Z;166.1;165.88;166.26;165.56;42972;
99cfdf6a-8b64-44b1-b38e-c831f77d552d;2020-03-03T20:33:00Z;165.88;165.58;165.88;165.36;38355;
99cfdf6a-8b64-44b1-b38e-c831f77d552d;2020-03-03T20:34:00Z;165.63;165.82;165.93;165.28;27774;
99cfdf6a-8b64-44b1-b38e-c831f77d552d;2020-03-03T20:35:00Z;165.82;165.64;166;165.56;30270;
99cfdf6a-8b64-44b1-b38e-c831f77d552d;2020-03-03T20:36:00Z;165.64;165.45;165.65;165.3;25525;
99cfdf6a-8b64-44b1-b38e-c831f77d552d;2020-03-03T20:37:00Z;165.49;164.99;165.5;164.89;47104;
99cfdf6a-8b64-44b1-b38e-c831f77d552d;2020-03-03T20:38:00Z;164.99;164.69;164.99;164.47;46847;
99cfdf6a-8b64-44b1-b38e-c831f77d552d;2020-03-03T20:39:00Z;164.72;164.39;164.89;164.2;61341;
99cfdf6a-8b64-44b1-b38e-c831f77d552d;2020-03-03T20:40:00Z;164.45;164.58;164.66;164.12;31754;
99cfdf6a-8b64-44b1-b38e-c831f77d552d;2020-03-03T20:41:00Z;164.59;165.26;165.73;164.59;28721;
99cfdf6a-8b64-44b1-b38e-c831f77d552d;2020-03-03T20:42:00Z;165.19;165.34;165.73;165.06;22772;
99cfdf6a-8b64-44b1-b38e-c831f77d552d;2020-03-03T20:43:00Z;165.41;165.55;165.58;165.1;32893;
99cfdf6a-8b64-44b1-b38e-c831f77d552d;2020-03-03T20:44:00Z;165.57;165.58;165.83;165.42;34019;
99cfdf6a-8b64-44b1-b38e-c831f77d552d;2020-03-03T20:45:00Z;165.55;165.75;165.8;164.62;70295;
99cfdf6a-8b64-44b1-b38e-c831f77d552d;2020-03-03T20:46:00Z;165.74;165.9;166.3;165.56;48055;
99cfdf6a-8b64-44b1-b38e-c831f77d552d;2020-03-03T20:47:00Z;165.93;165.62;165.97;165.21;51802;
99cfdf6a-8b64-44b1-b38e-c831f77d552d;2020-03-03T20:48:00Z;165.62;165.87;166.43;165.6;107795;
99cfdf6a-8b64-44b1-b38e-c831f77d552d;2020-03-03T20:49:00Z;165.88;165.04;165.9;165.03;124175;
99cfdf6a-8b64-44b1-b38e-c831f77d552d;2020-03-03T20:50:00Z;165.05;163.98;165.08;163.58;355225;
99cfdf6a-8b64-44b1-b38e-c831f77d552d;2020-03-03T20:51:00Z;163.94;163.96;164.34;163.61;178187;
99cfdf6a-8b64-44b1-b38e-c831f77d552d;2020-03-03T20:52:00Z;163.95;163.72;164.21;163.66;215835;
99cfdf6a-8b64-44b1-b38e-c831f77d552d;2020-03-03T20:53:00Z;163.72;163.56;163.93;163.54;188210;
99cfdf6a-8b64-44b1-b38e-c831f77d552d;2020-03-03T20:54:00Z;163.55;165.35;165.64;163.53;315692;
99cfdf6a-8b64-44b1-b38e-c831f77d552d;2020-03-03T20:55:00Z;165.33;164.93;166;164.9;319258;
99cfdf6a-8b64-44b1-b38e-c831f77d552d;2020-03-03T20:56:00Z;164.88;164.25;164.88;163.89;267434;
99cfdf6a-8b64-44b1-b38e-c831f77d552d;2020-03-03T20:57:00Z;164.28;164.38;164.93;164.2;269159;
99cfdf6a-8b64-44b1-b38e-c831f77d552d;2020-03-03T20:58:00Z;164.37;164.31;164.78;164.22;328735;
99cfdf6a-8b64-44b1-b38e-c831f77d552d;2020-03-03T20:59:00Z;164.31;164.38;164.99;164.15;551225;
99cfdf6a-8b64-44b1-b38e-c831f77d552d;2020-03-03T21:00:00Z;164.51;164.73;164.73;164.36;6595570;
99cfdf6a-8b64-44b1-b38e-c831f77d552d;2020-03-03T21:01:00Z;164.91;164.95;165;164.77;6562;
99cfdf6a-8b64-44b1-b38e-c831f77d552d;2020-03-03T21:02:00Z;164.95;165.3;165.58;164.95;5878;
99cfdf6a-8b64-44b1-b38e-c831f77d552d;2020-03-03T21:03:00Z;165.3;165.35;165.5;165.3;1571;
99cfdf6a-8b64-44b1-b38e-c831f77d552d;2020-03-03T21:04:00Z;165.07;165.32;165.32;164.97;1963;
99cfdf6a-8b64-44b1-b38e-c831f77d552d;2020-03-03T21:05:00Z;165.32;165.35;165.35;165.15;2899;
99cfdf6a-8b64-44b1-b38e-c831f77d552d;2020-03-03T21:06:00Z;165.34;165.44;165.44;165.16;1849;
99cfdf6a-8b64-44b1-b38e-c831f77d552d;2020-03-03T21:07:00Z;165.44;165.44;165.44;165.44;4;
99cfdf6a-8b64-44b1-b38e-c831f77d552d;2020-03-03T21:08:00Z;165.36;164.8;165.49;164.8;1574;
99cfdf6a-8b64-44b1-b38e-c831f77d552d;2020-03-03T21:09:00Z;164.8;164.8;164.8;164.8;151;
99cfdf6a-8b64-44b1-b38e-c831f77d552d;2020-03-03T21:10:00Z;165.22;165.45;165.45;165.22;108;
99cfdf6a-8b64-44b1-b38e-c831f77d552d;2020-03-03T21:11:00Z;165.05;165.05;165.05;165.05;4;
99cfdf6a-8b64-44b1-b38e-c831f77d552d;2020-03-03T21:13:00Z;165.17;165.15;165.4;165;143;
99cfdf6a-8b64-44b1-b38e-c831f77d552d;2020-03-03T21:14:00Z;165.02;164.27;165.14;164.27;470;
99cfdf6a-8b64-44b1-b38e-c831f77d552d;2020-03-03T21:15:00Z;164.34;164.4;164.46;164.28;151;
99cfdf6a-8b64-44b1-b38e-c831f77d552d;2020-03-03T21:16:00Z;164.5;164.51;164.51;164.28;21;
99cfdf6a-8b64-44b1-b38e-c831f77d552d;2020-03-03T21:18:00Z;164.51;164.32;164.51;164.32;204;
99cfdf6a-8b64-44b1-b38e-c831f77d552d;2020-03-03T21:19:00Z;164.77;164.5;164.77;164.49;13;
99cfdf6a-8b64-44b1-b38e-c831f77d552d;2020-03-03T21:20:00Z;164.4;164.28;164.4;164.28;944;
99cfdf6a-8b64-44b1-b38e-c831f77d552d;2020-03-03T21:21:00Z;164.28;164.18;164.28;164.18;4070;
99cfdf6a-8b64-44b1-b38e-c831f77d552d;2020-03-03T21:22:00Z;164.12;164.29;164.3;164.12;150;
99cfdf6a-8b64-44b1-b38e-c831f77d552d;2020-03-03T21:24:00Z;164.18;164.18;164.2;164.18;973;
99cfdf6a-8b64-44b1-b38e-c831f77d552d;2020-03-03T21:25:00Z;164.18;164.25;164.25;164.18;13;
99cfdf6a-8b64-44b1-b38e-c831f77d552d;2020-03-03T21:26:00Z;164.2;164.1;164.2;164.1;844;
99cfdf6a-8b64-44b1-b38e-c831f77d552d;2020-03-03T21:27:00Z;164.1;164.06;164.19;164.06;217;
99cfdf6a-8b64-44b1-b38e-c831f77d552d;2020-03-03T21:28:00Z;164.2;164.2;164.2;164.2;3;
99cfdf6a-8b64-44b1-b38e-c831f77d552d;2020-03-03T21:29:00Z;164.25;164.25;164.25;164.25;100;
99cfdf6a-8b64-44b1-b38e-c831f77d552d;2020-03-03T21:30:00Z;164.3;164.31;164.4;164.3;87;
99cfdf6a-8b64-44b1-b38e-c831f77d552d;2020-03-03T21:31:00Z;164.29;164.25;164.29;164.25;10;
99cfdf6a-8b64-44b1-b38e-c831f77d552d;2020-03-03T21:32:00Z;164.2;164.2;164.2;164.2;4;
99cfdf6a-8b64-44b1-b38e-c831f77d552d;2020-03-03T21:33:00Z;164.2;164.42;164.42;164.2;351;
99cfdf6a-8b64-44b1-b38e-c831f77d552d;2020-03-03T21:34:00Z;164.45;164.43;164.45;164.27;10;
99cfdf6a-8b64-44b1-b38e-c831f77d552d;2020-03-03T21:36:00Z;164.45;164.45;164.45;164.4;8;
99cfdf6a-8b64-44b1-b38e-c831f77d552d;2020-03-03T21:38:00Z;164.4;164.4;164.4;164.4;6;
99cfdf6a-8b64-44b1-b38e-c831f77d552d;2020-03-03T21:40:00Z;164.49;164.25;164.49;164.15;68;
99cfdf6a-8b64-44b1-b38e-c831f77d552d;2020-03-03T21:41:00Z;164.25;164.01;164.25;164.01;949;
99cfdf6a-8b64-44b1-b38e-c831f77d552d;2020-03-03T21:43:00Z;164.49;164.49;164.49;164.49;1;
99cfdf6a-8b64-44b1-b38e-c831f77d552d;2020-03-03T21:44:00Z;164.06;164.06;164.06;164.06;200;
99cfdf6a-8b64-44b1-b38e-c831f77d552d;2020-03-03T21:46:00Z;164.11;164.09;164.4;164.09;213;
99cfdf6a-8b64-44b1-b38e-c831f77d552d;2020-03-03T21:47:00Z;164.09;164.05;164.09;164.05;34;
99cfdf6a-8b64-44b1-b38e-c831f77d552d;2020-03-03T21:48:00Z;164.03;164.03;164.1;164.03;688;
99cfdf6a-8b64-44b1-b38e-c831f77d552d;2020-03-03T21:50:00Z;164.01;164.35;164.35;164.01;10;
99cfdf6a-8b64-44b1-b38e-c831f77d552d;2020-03-03T21:51:00Z;164.3;163.75;164.3;163.75;2095;
99cfdf6a-8b64-44b1-b38e-c831f77d552d;2020-03-03T21:52:00Z;163.75;163.85;163.85;163.66;106;
99cfdf6a-8b64-44b1-b38e-c831f77d552d;2020-03-03T21:54:00Z;164;163.95;164;163.95;5;
99cfdf6a-8b64-44b1-b38e-c831f77d552d;2020-03-03T21:55:00Z;164;163.8;164;163.8;6;
99cfdf6a-8b64-44b1-b38e-c831f77d552d;2020-03-03T21:56:00Z;163.8;164;164;163.8;409;
99cfdf6a-8b64-44b1-b38e-c831f77d552d;2020-03-03T21:57:00Z;164;164;164;164;279;
99cfdf6a-8b64-44b1-b38e-c831f77d552d;2020-03-03T21:58:00Z;163.92;163.85;163.92;163.8;407;
99cfdf6a-8b64-44b1-b38e-c831f77d552d;2020-03-03T21:59:00Z;163.9;163.88;163.9;163.88;45;
99cfdf6a-8b64-44b1-b38e-c831f77d552d;2020-03-03T22:00:00Z;163.65;163.65;163.65;163.65;3;
99cfdf6a-8b64-44b1-b38e-c831f77d552d;2020-03-03T22:01:00Z;163.99;163.99;163.99;163.99;177;
99cfdf6a-8b64-44b1-b38e-c831f77d552d;2020-03-03T22:02:00Z;163.98;163.9;163.99;163.9;117;
99cfdf6a-8b64-44b1-b38e-c831f77d552d;2020-03-03T22:03:00Z;163.85;164;164;163.75;22;
99cfdf6a-8b64-44b1-b38e-c831f77d552d;2020-03-03T22:06:00Z;164;164;164;164;20;
99cfdf6a-8b64-44b1-b38e-c831f77d552d;2020-03-03T22:07:00Z;163.75;163.62;164;163.62;511;
99cfdf6a-8b64-44b1-b38e-c831f77d552d;2020-03-03T22:09:00Z;163.8;163.62;163.8;163.62;71;
99cfdf6a-8b64-44b1-b38e-c831f77d552d;2020-03-03T22:10:00Z;163.6;163.58;163.6;163.58;32;
99cfdf6a-8b64-44b1-b38e-c831f77d552d;2020-03-03T22:11:00Z;163.58;163.58;163.58;163.58;11;
99cfdf6a-8b64-44b1-b38e-c831f77d552d;2020-03-03T22:12:00Z;163.98;163.98;163.98;163.98;8;
99cfdf6a-8b64-44b1-b38e-c831f77d552d;2020-03-03T22:13:00Z;163.7;163.66;163.7;163.66;157;
99cfdf6a-8b64-44b1-b38e-c831f77d552d;2020-03-03T22:14:00Z;163.7;163.93;163.93;163.7;52;
99cfdf6a-8b64-44b1-b38e-c831f77d552d;2020-03-03T22:15:00Z;163.93;163.98;163.98;163.93;12;
99cfdf6a-8b64-44b1-b38e-c831f77d552d;2020-03-03T22:17:00Z;163.58;163.58;163.58;163.58;6;
99cfdf6a-8b64-44b1-b38e-c831f77d552d;2020-03-03T22:18:00Z;163.75;163.73;163.75;163.73;150;
99cfdf6a-8b64-44b1-b38e-c831f77d552d;2020-03-03T22:21:00Z;163.7;163.7;163.7;163.7;39;
99cfdf6a-8b64-44b1-b38e-c831f77d552d;2020-03-03T22:25:00Z;163.7;163.66;163.7;163.66;81;
99cfdf6a-8b64-44b1-b38e-c831f77d552d;2020-03-03T22:28:00Z;163.66;163.79;163.9;163.66;603;
99cfdf6a-8b64-44b1-b38e-c831f77d552d;2020-03-03T22:29:00Z;163.67;163.67;163.67;163.67;57;
99cfdf6a-8b64-44b1-b38e-c831f77d552d;2020-03-03T22:30:00Z;163.67;163.67;163.67;163.67;30;
99cfdf6a-8b64-44b1-b38e-c831f77d552d;2020-03-03T22:31:00Z;163.67;163.89;163.89;163.67;26;
99cfdf6a-8b64-44b1-b38e-c831f77d552d;2020-03-03T22:32:00Z;163.79;163.79;163.79;163.79;1;
99cfdf6a-8b64-44b1-b38e-c831f77d552d;2020-03-03T22:34:00Z;163.85;163.8;163.85;163.79;106;
99cfdf6a-8b64-44b1-b38e-c831f77d552d;2020-03-03T22:35:00Z;163.8;163.65;163.85;163.65;315;
99cfdf6a-8b64-44b1-b38e-c831f77d552d;2020-03-03T22:36:00Z;163.65;163.65;163.65;163.65;3;
99cfdf6a-8b64-44b1-b38e-c831f77d552d;2020-03-03T22:37:00Z;163.89;163.89;163.89;163.89;2;
99cfdf6a-8b64-44b1-b38e-c831f77d552d;2020-03-03T22:40:00Z;163.58;163.5;163.58;163.5;16;
99cfdf6a-8b64-44b1-b38e-c831f77d552d;2020-03-03T22:41:00Z;163.58;163.66;163.66;163.58;18;
99cfdf6a-8b64-44b1-b38e-c831f77d552d;2020-03-03T22:42:00Z;163.55;163.51;163.55;163.51;3;
99cfdf6a-8b64-44b1-b38e-c831f77d552d;2020-03-03T22:44:00Z;163.68;163.6;163.68;163.6;24;
